comment
꾸준히 하트 눌러주시는 녹차호떡님도 정말 좋으신 분 같아요.이 영상도 이제 1년이 되어가는데 지난 1년동안 이 플리 정말 많이 들었어요. 올해에 검정고시와 수능을 동시에 치르는 나름 중요한 해라고 볼 수 있는데 꼭 기쁜 마음으로 내년 이맘때이 플리를 듣고 있기를 바래봅니다
사실 요즘 많이 힘들었거든요. 몸도 아프고 기분도 좋지 않은 이런 날들이 매일 반복되다보니 저도 많이 지친것 같더라구요. 예전에도 들으러 왔었는데 지금 들어도 녹차호떡님의 선곡은 좋네요. 이 노래들을 들을땐 남들앞에서 처럼 밝은척 하지 않아도 되고 그저 나를 위한 시간을 가질수 있는 노래들이라 편안한것 같아요. 고등학교를 기숙사로 가서 많이 외로울 것 같은데 그때도 찾아올게요. 이영상 내리시면 안돼요! 오늘도 위로해주 셔서 감사합니다. 처음 이 영상 들었을땐 눈물이 흐르더라구요. 근데 이젠 흐르지 않는 걸보니 노래로 제마음을 위로하기는 힘든가봐요. 이젠 그냥 잔잔하고 좋은 노래들로만 들리지만 언젠간 제마음을 위로하는 노래들이 되겠죠. 오늘도 좋은 노래 감사합니다.
우울할 때마다 들으러 와서 눈물을 흘리곤 했던지도 벌써 시간이 많이 흘렀네요 21년도에 이 플리를 들을 때는 처음 방학에 공부를 해볼 정도로 공부를 안했어서 학업이 특히 막막했는데 지금은 그래도 성적이든 뭐든 여러모로 그때보다는 많이 나아진 것 같아요. 학교 생활도 즐거워졌고 :)  저는 여러 노래들 중에서도 Love is Gone을 딱 처음 듣던 그 순간 하염없이 눈물을 흘렸습니다. 이상하게 저 노래를 들으면 과거에 연애하면서 행복했던 저가 떠오르더라고요. 지금은 그렇게 오열할 만큼의 감정이 남아돌지를 않나봅니다. 좋은 건지 슬픈 건지는 모르겠네요 그래도 괜찮아요 고3인지라 바빠서 덜 힘든 것 같아요.이 플리를 들으러 안 온 사이에 조회수가 많이 늘어있네요 그만큼 많은 사람들이 지칠 때가 있다는 거겠죠.. 모두들 여기에서만큼은 작은 위안이라도 받고 힘내셨으면 좋겠습니다
"This collection of songs eliminated my depression, bipolar disorder, and many heart wounds. I am always grateful to the person who made this collection of songs."
첫곡부터 너무 감미롭네요~ 마음이 살살 녹아요! 눈 감고 들으면 힐링이 잔뜩 됩니다! 시간별 곡 제목도 댓글에 올려주셔서 너무 감사합니다. 한번 쭉 듣고 기억에 남는 곡을 다시 돌려 듣기 편하네요~ 팝송 잘 안들었었는데 오늘부터 팝송도 자주 듣게 될거같아요~ 플레이리스트 감사합니다!
Thank you so much for the wonderful songs. They really helped me alleviate my depression and lethargy.
"와진짜...지극히주관적으로 모으신  노래모음들이 제가좋아했던곡들, 진짜 다 취향인 노래들로 구성이되어있다니..충격이에요..너무좋아요*.*"
오늘 밤에는 녹차호떡 님의 선곡으로 기분좋은 달콤한 밤이 되네요..늘 좋은 음악 감사드립니다!복 받으실 거에요.♡
지치고 힘들었는데~ㅠㅠ 편하게 들으면서 힐링갑니다.
정말 기억하기 싫은 악플이 달려서 힐링 하러 들어왔어요 ㅠ-ㅠ 노래 모음 정말 너무 좋아요 감사합니다 :)
좋은 곡을 알려주신 녹차님께 감사드려요노래가 너무 좋아요
"최근에 안좋은 일이 겹쳐 무너져버렸는데 우울감에 빠져 있던 중, 이 플레이리스트를 듣고 마음이 정화되었습니다. 자연스레 남들의 행복을 바라게 되고, 저도 다시 시작할 수 있을거 같아요. 감사합니다."
너무 힘든데 말할시람은 없고 말해도 저를 이해해주는 사람은 거의 없더라구요 이 노래를 들으면 저를 이해해주고 위로해주는것같아요...ㅠ이 플리 만들어주셔서 정말정말 감사해요 녹차호떡님...♡♡♡
요즘 안좋은 일만 생겨서 이런 노래를 찾아서 듣곤 하는데 플리 정말 잘 짜셧네요.. 덕분에 힐링합니다
"제목에 끌려서 왔더니 노래가 다 너무 좋아요 !!  첫 곡부터 Etham - 12:45 라니 거의 매일 듣고 너무 좋아요모르는 노래도 있지만 오랜만에 또 들으니까 좋아요 또 다른 노래들도 많이많이 올려주세요 !"
대학원 공부하다가  너무 지치고 내 자신이 무력ㅎㅐ질때마다 와서 이 플레이리스트 듣는데 너무 위로되고 좋아요...오늘도 내가 그릇도 안되는데 왜이러나 싶기도 했는데.. 플레이 리스트 들으면서 눈물날거 같지만 치유되는 기분이라 또 그냥 공부하게 되네요!  좋은 선곡리스트 거듭 감사드립니다!
오늘 정말 힘들고 정말 슬펐는데 이 플리듣고 점점 마음이 따뜻해졌어요. 좀 전에는 가슴에 구멍이 난것 처럼 턱 막혔는데 어느순간 미소짓는 제가 보이더라구요. 모두들 힘내시고 앞으로 날들이 더욱 찬란하고 행복하시길 응원할게요. 우리는 다들 소중한 사람이에요 .
평소에 좋아하는 노래 많아서 신기하고 너무 좋아요! 영상 올려주셔서 감사해요:)
항상 제가 힘들고 지칠 때마다 틀어서 듣는데 좋은 음악만 넣어주셔서 감사합니다! 곧 수능을 앞둔 수험생으로써 인생이 힘들고 공부하면서 현타가 올 때마다 노래를 들으며 마음을 치유하고 있습니다. 저 뿐만아니라 다들 힘드실 텐데 모두 꼭 극복하시고 우리모두 대한민국이라는 자긍심을 가지고 한마음 한뜻으로 이러한 힘듦 극복해봅시다. 노래들은 제 마음속에 새겨들어 마치 하나의 추억처럼 간직되네요. 정말 감사하고 앞으로도 좋은 노래들 잘부탁드립니다!
"잠을 설치다가 새벽에 우연히 발견한 플리인데 한 달째 듣고있어요. 너무 지쳐서 전부 포기하고 싶어져도, 신경성으로 머리가 깨질듯이 아파와도 이 플레이리스트를 듣고 있으면 심신이 조금이나마 편안해지는 것 같아요. 내일을 살아갈 힘을 주셔서 감사합니다. 하늘을 바라볼 용기를 주셔서 감사합니다."
그리고 노래 정말 좋네요 감정을 쏟아내서 해소하는 느낌이 아니라 그냥 그 자체로 치유받는 기분이에요 좋은 노래 모아주셔서 감사합니다 덕분에 많은 분들에게 힐링이 되었을 거 같아요
녹떡님 감사합니다  너무 너무 힐링되는 음악들이라서요
힘든것도 누구나 지나가는 과정이겠죠..좋은 노래 감사합니다?? 앞으로 자주 듣게 될 것 같아요!
"진짜 이런 댓글 잘 안쓰는데 가만히 누워서 아무것도 안하고 처음부터 듣고있는데 너무 좋다, 선곡이 진짜 말도안되게 좋아요!!모트 도망가지마 같은 노래도 많이 올려주시면 안될까요? ㅠ"
요새 많이 우울했는데.. 첫곡부터 울음이 터져나오네요.. 좋은노래 감사합니다.. 노래들이 다 좋네요
"모의고사 치고 점수와 예상등급으로 절망적이였는데, 이 플레이 리스트를 들으니 평소에 좋아하던 노래들이 담겨있고, 코로나로 정말 힘들 때 들었던 노래들이 많아서 심적으로 많이 안정이 된 것 같아요. 노래 잘 듣고 갑니다."
회사 집 회사 집 반복되는 모든게 질리고 우울해진 밤에 오랜만에 찾아 듣습니다 좋은 플리 만들어주셔서 감사해요 :)
제가 들어본 노래모음 중 가장 좋습니다. 하나같이 다 제 취향이고 마음의 위안이 됩니다. 감사합니다
진짜 미치겠다... 유튜브 노래 모음중에 다 제 노래취향인건 처음이에여.....ㅠㅠㅠㅠ 다 멜론 다운받으러 갑니다.... 진짜 여기서도 백번들을게여ㅠㅠㅠ
"안좋은 노래가 없어,,,,너무좋다"
새벽에 듣기 좋은 노래네용항상 좋은 노래 추천해주셔서 감사합니당!^^
시험 거하게 망치고 위로 받으려고 듣는게 자격없긴해도 노래가 너무 좋네요 ㅜㅜ!??
"자격증 기능사 시험도 준비해야 되고, 시험기간이라서 교과 공부도 해야하고....... 되고 싶은 대로 안 되서 힘든데 노래가 너무 좋아서 이 노래를 듣는 순간만은 아무 생각 없이 감상하게 되네요...노래가 너무 위안이 되는 가사가 많아서 순간적으로 편안해지는 느낌 얼마만인지"
음악이 위로가 될 수 있다는게 얼마나 고마운지...
"다들 수고 너무 많으셨고, 지금은 힘들더라도 곧 괜찮아 질겁니다. 모두들 행복하시고 화이팅하십쇼"
"너무 좋은 플리네요.. 요즘 사실 무너지기 일보 직전인데, 덕분에 힘 얻고 가요!"
원래 이런거 댓글 잘 안 다는데 제가 기분 안 좋을때 듣는  음악만 가득가득 있어서..구독하고 갑니닷??
며칠 열나고 힘들었던게 싹 낫네요. 이런 좋은 노래로 치유받으면서 조금만 더 힘내봐요 다들:)
진짜 선곡 하나하나가.. 너무 좋았습니다
가끔 정말 이상하게 마음이 평온해지는 기분을 음악으로 받고 싶을 때가 있죠. 그럴때마다 전 이 노래를 들었습니다. 제목 그대로 하염없이 이 노래를 들을때면 마음이 안정되고 힐링이 되더라구요. 조회수가 많은만큼 힘든 사람이 많은 것 같아요. 모두 힘냅시다.
"녹차호떡님 감사해요,,,요즘 인생 최대의 고비를 겪고있는중이고 하루하루 머릿속이 복잡하고 아무에게도 말할수도없어서 울며 밤새느라 잠 못잔날도 수두룩하다가 너무 가슴이 벌렁거려서 좀 차분해지자 해서 이곳을 우연히 찾았습니다한 곡,,두 곡,,, 세 곡 째쯤 되니 호흡이 조금 가라앉고,,, 밥먹을 힘이 생기더군요,,그렇게 밥을 먹다보니 계속 나오는 음악들이 참 좋다~편안한곡들 많이나오네? 이런생각이 들더라고요,,,노곤노곤해지며 졸리더군요,, 고마운 곡들이구나,,,그러다 댓글들을 보게되었어요 무수히 많은 사람들이 힘들어하고 있고,  서로서로 힘내라고 응원해주는 댓글들을 보며 위로받는 느낌에 폭풍 눈물을 쏟아냈네요,, 나만 힘든게 아니었구나,, 그리고 좋은일이 올거라고 꼭 살아서 나아가라고 하는 글들을 보며 마음이 따뜻해졌어요실컷 울고나니 이제 이 음악들을 들으며 한 숨 잘 수 있을거 같아요.여러분 모두 힘내세요 저도 힘낼게요"
여기 노래 너무 좋네요.중간중간 아는 노래도 있지만 새롭게 들어보는 노래들이 더 많아서 좋은 것 같아요. 잘듣겠습니다♡
과거는 그립고현재는 힘들고미래는 두렵다
"알고리즘 탄 음악을 틀어도, 아무리 검색해서 조회수높은 플리들을 들어봐도 풀리지않던 지독한 답답함과 우울 무기력이 어쩌다 자동 재생된 이 플리를 듣고 한방에 치유됐어요. 플리 만들어주셔서 넘 감사합니다.. 좋은 노래들 종종 들으러 올게요. 모두들 행복하시길 바라요."
좋은 플레이리스트 고마워요 항상 행복하셨으면 ?
숨이 턱턱 막혔는데... 좋은 선곡 너무 고마워요
진짜...우울할때 이거들으면서 있으면 편해짐...
40대 주부예요. 아침 저녁으로 걷고 있는데 노래쪽은 처음으로 구독하고 갑니다. 그만큼 노래선곡이 좋다는거지요^^ 올려주신 좋은음악 들으면서 힐링 하겠습니다.
일하다가 다시 공부하려니 앉아있는게 익숙하지 않고 지쳐서 노래 찾는데 제가 좋아하는 감성노래네요 힐링하고갑니다~지금 지치고 힘든건 언젠가는 지나고 지나가면 원하는 일이 이뤄져있을거라 저는 믿어요 저도 화이팅! 다른 분들도 모두 빠이팅!!!!! 할수있다!!!
숙제하면서 듣기에 딱이네요 감사합니다! :))
끝나지 않기를 바란 플레이 리스트는 처음입니다. 잘듣겠습니다. 감사합니다.
힘들 때마다 와서 듣고 있는데 그때마다 위로받고 갑니다. 고맙습니다
지금 고2인데 수시준비도 힘들고 이 대학을 갈 수 있을까 고민도 되고 요즘 친구문제로도 힘들고 동아리로 힘들고 복합적으로 자존감도 떨어져서 들어왔는데 생각할 수 있게 좋은 노래 틀어주셔서 감사합니다. 2004년생 모두 화이팅
노래 너무 좋아요! 잘듣고갑니다 ㅠ ㅎㅎ
취향저격이네요 과제하면서 들으니 너무 좋아요
와 노래 너무 좋아요 ㅎㅎ좋은 곡 공유 감사드립니다^^
오늘 진짜 아는 사람의 한마디로 기억하기 싫은 끔찍한 과거일들과 감정들이 제어 못하게 올라왔는데 듣다보니 진정이 되었어요... 노래 참 좋네요
공부하다가 지루해서 노래들었는데 정말 좋네요 공부하다가 지루할 때 또 들을게요 ㅎㅎ
최근 원하는 기업 최탈과 서류탈락으로 인해서 자존감이 너무 많이 낮아졌어요 ! 근데 이 또한 제가 더 단단해질 수 있는 시간이라고 생각하면서 하루하루 보내고 있습니다 이 플레이리스트로 정말 많은 위로가 되었습니다 :) 다음번에는 꼭 최종합격했다고 댓글 달러올게요 이 글 보신분들 오늘 모두 행복한 하루 되세요!
그냥 기분이 꿀꿀해서 플레이리스트를 검색해서 틀은 게 이 플레이리스트인데 듣자마자 아무 생각도 없어지고 편해지네요 주변 사람들 때문에 너무 힘들었나 봐요 둔해서 몰랐지만... 이 플레이리스트 만들어 주셔서 감사해요 어딘가 모르게 편안해지네요
"2020 고등학교 졸업, 대학교 입학할 시즌에 코로나가 터지면서 입학하면 하고 싶었던 거 못하고 집 안에서 새벽에 과제할 때, 학교생활 하고 싶은데 못해서 속상할 때, 시험공부 할 때, 새벽에 이 플리 들으면서 행복하게 보냈어요 감사합니다"
이 노래를 듣고 행복만 가득하세요!
아니 노래가 어떻게 한 곡도 빠짐없이 다 내 취향이냐
노래 진짜미쵸쓰요넘 좋아용
잘 듣고 있어요~너무 좋네요~감사합니다 ~^^
노래가 정말 좋아요~~!! ♡♡
유튜브 팝송모음 거의 edm류거나 인기순위차트에 있는것들만 모아논 경우가 대다수였는데... 이건 진짜 리얼이네요
정말 플리 많이 찾아듣는데 이 플리 눈물날거같이 좋아요ㅠ 감사합니다
지금 티비로 틀며 아무생각 없이 듣고있는데 좋아서 글 씁니다.방이 어두운게 싫어서 티비를 들고 아무 플리나 틀었는데 잔잔하고 밤에 들어도 부담스럽지 않고 좋았습니다 :)좋은 곡만 모은 좋은 플리 만들어주셔서 감사합니다.
"고3들에겐 좋은 대학이랑 좋은 직장을 갖고 성인들은 지금을 보다 더 행복하게 살길,, 코로나 시국에 힘들지만 다들 파이팅 하자구요,,, 고3이라 많이 우울하네요"
노래하나하나다너무좋아서기분이좋어지네요~~!이런영상많이올려주세요!
이때까지 살아온것만으로도 우리 모두 대단한 업적을 이룬것입니다.절대 포기하지 마시고 앞으로만 달려나가십시오 응원하겠습니다.
모르는 사람들의 댓글에서 위로받는다는게 아이러니 같은데 힘든 상황속에서 맘의 위로를 받고 싶을때 이런 댓글들이 제일 힘이 되네요 다들 감사하고 같이 힘내요 같이 위로하고 위로받습니다내일은 더 평온하길
음악소리와  함께 댓글 읽다 나도 모르게 눈물이..주르룩 나만 힘들고 나만 혼자인 느낌였는데...모두 힘내자요그리고모두 그 누구보다 행복지게 죽지말고 잘 살아보자요 힘내요 모두!!
요즘 진로로 고민으로 우울하거나 힘들때가 많은데 가족과 친구들이 채워주지 못하는 안정감을 여기서 채우는거 같아요. 아무리 친구나 가족에게 고민을 말하고 위로를 받아도 지워지지않는 불안감들 있잖아요. 노래를 들으면서 스스로 생각을 정리하는게 가장 효과적인거 같아요. 바쁘게 열심히 달리다 보면  언젠가 그 곳에 그 꿈에 도달해 있겠죠. 설사 못 이루더라도 또 다른 길이 있을테니까 우리 모두 다 각자 빛나는 별 이잖아요. 빛나는 별을 보면서 부러워하지 말아요. 그 별이 나 자신이니까 모두 화이팅
방금까지 엄청 울다가 왔어요 자기전에 아픈눈 감으면서 들으니 위로 많이 되네요
생각날 때마다 찾아 듣는 플리만들어주셔서 감사합니다 ??
뭐 다들 힘들고 지쳐서 오신거겠죠 (노래 들으러 왔거나 ㅎ) 전부 다 잘될거예요 진짜로요 힘내요 멋진 부모님의 아들.딸들 다 모르지만 사랑합니다 !
넘 좋네요.. 우울해도 괜찮은 느낌~
노래 진짜 미쳤네요 
저장해놓고 멘탈 무너지는 시험기간때마다 들어요 감사합니다!
덕분에 좋은 노래  듣고 갑니다. 감사합니다
이 플리 씻을때 차탈때 잘때 오랜시간 한가지를 해야할때 너무 잘 듣고있어요 ㅠㅠ 잠도 잘오고 차타면서 들으면 감성이있고 씻을때는 기분이 편안해지네요 ㅠ
어떻게 이렇게 천재적인 플레이리스트를….??????????
책 읽을때마다 맨날 듣는중 ㅠ 넘좋아여
시험 공부하다 머리 아파서 왔는데 좋은 곡밖에 없네요감사합니다!!!
멘탈이 계속터져서 여기에 오게 되네요. 이런 플리를 만들어 주셔서 감사합니다. 이거라도 들으면 그나마 마음이 편해져요
실패도 완성을 향해 달려가는 과정입니다실패가 끝이 아니예요 우리 다같이 힘냅시다
뭔지모르는 감정으로 글을 써내려가 갑니다.직장도 구하고 하고싶던 독립도 했는데...가슴 한켠 아직도 우울한 감정들이 아직도 있네요 이제는 행복해 질수 있을꺼라 생각했는데 우울증도 극복했다 생각했는데 아직은 갈 길이 멀었나봅니다.이 삶을 끝까지 살아갈수 있도록 노력해 보겠습니다.좋은 노래 들려줘서 감사합니다.
음악의 힘은 대단하구나
최고예요.. 감성 충만해지는 새벽
다들 지금까지 살아있어줘서 고마워요 :)
오늘 하루 좋은 음악을 들으니 우울한 기분이조금이나마 치유가되네요감사합니다
정말 리스트 곡들이 모두 좋아요 곡 선정 안목이 높으신거 같아요 감사해요
23년2월1일에 듣고 있습니다.다른거 모르겠고 모두 건강하고 지치면 쉬었다 가세요 누가 아닌 나를 위해서
와 노래가ㅜ너무 좋아용!너무좋당
모두들 힘내세요 어떤상황이든..(댓글들이 훈훈해서 보기좋네요^^)
아직 25인데 지치고 힘들다... .ㅠ 부모님이 고생하며 달려온 길에 비해서는 아직 힘든것도 아니지만 너무 사는게 힘드네요... 미래가 걱정이고요ㅠ댓글 다신분들은 모두 잘될겁니다!
오~노래좋아요~^^앞으로도 좋은노래부탁해요
노래 넘  다 제스탈이에요 !! 매일 들을 거에요
이 새벽~ 우연히 클릭 했는데 노래들이 너무 좋아 계속 머물게 되네요~  구독해요~
오늘 조금 우울햇는데 플리 선곡들이 좋아서 힐링했어요?? 감사합니당
이건 진짜다... 매일들으면안됨 일주일이나 이주일에한번 이영상 틀어보셈. 환상임
이 노래를 듣고 있다는건 당신도 행복해지고 싶다는 것이겠죠 저도 그렇고요 우울하고 힘들지만 행복해지고싶어서 이걸 찾은거라구요!! 반드시 그때가 올거에요 우린 진심으로 바라고 있는거니까
요즘 너무 힘들고 그래서 검색하다가 오게됐는데 너무 좋다..
이음악을들으니 복잡하고 걱정되는 마음이 잠시 휴식시간이되듯 평온해 지는거같은 느낌을 받습니다하루 하루 소중히 여기며 살아야겠습니다
즐겨 듣던 노래도 여러곡 있어서 정말 좋내요. 오늘 하루도 행복하내요
우울함은 마약입니다 우울함이 지속되면 계속 되서 마음을 상하게 합니다 그러니 우울해 하지 말고 우울함을 이기고 기뻐집시다.
길어지는 취준기간 중 오랜만에 면접연락 받아서 기쁜맘에 갔지만 실망스러운 근무환경과 분위기만 맛보고 왔습니다. 교통도 안 좋아 버스에서 내리고 30분동안 걸어야 했는데 오랜만에 신은 구두라 발뒤꿈치만 까진채 집에 가는길에 노래로 위로받고자 댓글 남기고 갑니다.
최근에 좋지 못한 일을 겪고 이 플리를 듣게 되었습니다.. 좀 안정이 되더군요.. 감사합니다..
선곡대박이네요끊임없이 편안함감사해요
힘들어도 버티세요 언젠가는 힘들게 버틴 날들을 감사하며 살거에요. 모두 행복한 일들만 가득하길 바랄게요.
음악소울메이트가 생겼다! 오늘이라도 이 채널을 알게되서 너무 행복하네요
노래 고르시는 센스가..
지금 제 댓글을 보신 분 이 힘듦은 금방 지나 갈꺼에요 슬퍼하고 힘들어 하지 마요 이 세상은 우리가 견딜 수 있는 만큼의 힘들고 외로움을 주는거 같아요 그러니까 주저하지 말고 여러분 그대로 인정하고 사랑해 주세요
너무 좋네요
몸이 다쳐서 요즘 마음이 복잡했는데 듣고 위로 해보겠습니다 감사합니다
오늘 20년지기 친구랑 크게 싸웠는데 예전같으면 그냥 넘어갈 일이였는데 친구가 자존심 상하게 해서 저도 모르게 쌓였던게 폭발했나봐요...너무 우울한데 내맘을 아는거처럼 첫화면에 떠있길래 바로 듣고 있어요. 좋은 노래 들려주셔서 감사합니다.!
어제 최악의 생일을 보냈고 하루종일 눈물이 멈추질 못했는데 위로받고갑니다. 고맙습니다.
좋은 음악 감사합니다 덕분에 힐링 했습니다.
여러분들은 충분히 잘하고있어요. 힘 안 내도 돼요. 힘들면 쉬었다가 가도 돼요.
좋은 노래들 잘 듣고 가영~
위로와 힘 받고 갑니다~?
"너무 힘들고 , 지친 와중에 노래를 들으니 저절로 눈물이 나네요. 잘 살아가고 있는건지 앞이 보이지 않아 막막해요. 다 그만두고 편해지고 싶습니다."
뭐만하면 눈물이 나와서 주저하지를 못했는데 플리 잘 듣고가요 요새 뭐가 그렇게 스트레스받는지 툭하면 울더라구요 그런 제자신이 밉기도 하고 한심하기도해서 울고 난 직후가 제일 후련하고 힘드네요 위로받는 느낌이라 너무 좋아요 영상 감사합니다
"좋은 음악 감사합니다. 우울증으로 하루하루 힘겨운데, 조금이나마 쉬었다 갑니다."
심장박동이 천천히 뛰면서 편해지네요
오늘따라 참 외롭고 쓸쓸한 하루네요.. 모든 분들의 내일에 행운과 즐거움이 가득하길 빕니다.
이런 플리 만들어 주셔서 정말 감사합니다.. 공부에 집중해야 할 시기에 지나간 인연들과 짝사랑 때문에 조금 힘들었는데 이제 조금씩 털어낼 수 있을 것 같아요.. 최고의 대학 붙어서 다시 오겠습니다!
여기 오신분들 2021 다들아프지않고 행복하고 즐겁게 보내시길 기원합니다
노래 하나하나 징짜 레전드네요….. 자주 찾아올게요!
그냥 오늘따라 더 외롭고 힘들었는데 노래 들으며 댓글보면서 아 그래도 아직은 살만한 세상이구나 라는 걸 느껴요. 위로 해줄 누군가가 없어서 그냥 노래나 들으며 위로 받자 했는데 얼굴도 모르고 목소리 조차 모르는 따뜻한 사람들에게 따뜻한 위로를 받고 가네요. 감사합니다. 오늘을 잘 마무리 할 수 있게 해줘서.
감사합니다^^ 작은 두아이와 이렇게 맘을 위로해주는 음악이 있으니까 전 잘 살수 있을거같아요…
그냥 아무 생각없이 지내도 행복했던 어릴때가 좋았다
위로가 되네요감사합니다...
우왕 너무조아요
좋은 노래 공유해줘서 고마워요 자주 듣고 있어요 항상 감사합니다 감사 또 감사합니다
우울하고 지치고 힘든 하루 이노래 들으면서 조금이나마 행복하네요
가끔은 진짜 살기싫다주변에 많은사람이있는거같은데 정작 진짜 힘들땐 주변에 아무도없는거같다내가 힘들때 힘들다고말하면 그저 징징대는 어리광으로 들릴까봐 말못하겠다 유일하게 나한테 위로가되는게 노래라는게 참 안타깝고도 슬프다.진짜 존나살기싫어도 죽기는 무서워서 꾸역꾸역살아가는거 치가떨릴정도로 싫고 무섭고
노래 잘 듣고 갑니당ㅎㅎ
내게 이거 처음 들을때가 중2 여름방하구도서관에서 들으며 공부했는데ㅜ정말 추억이다…지금은 고1이구나…..시간 빠르다
연예에서 제일 힘든 기간이라 자주 들어오게 되네요 ㅎㅎ…
요즘 너무 지친 마음 잘 보듬어주는 음악들이네요
좋은 플리 감사드립니다^^
헉ㅠㅠ 너무 좋아요
모두 다 힘드시겠지만 정말 고생 많으셨어요
너무 좋아요감사합니다
녹차호떡님 사랑해요
모두 화이팅하고 힘내세요
다들 행복합시다 우리~!
너무 좋아요
왠만해선 댓글 안남기는데 진짜 좋다 이건~
댓글 보면서 느낍니다 다들 이렇게 힘든 데도 잘 버티고 사는 구나 다들 정말 힘들구나 그런데도 살아가는 우리들이 너무 너무 아름답다는 생각을 합니다
한달여전에 소중한 사람을 잃었습니다 누구는 가족도친구도 아닌데 왜그리 아파하냐고 묻지만 팬으로써 진심으로 잘되길 응원했고 사람대사람으로써 행복하길바랬던 사람이였는데 한순간에 가버렸습니다 너무 허망하고 무력함을 느낍니다 길다면 길고 짧다면 짧은 5년이라는 시간동안 봐왔던 모습들이 꿈처럼 느껴지고 아직도 받아들여지지않는 현실입니다 그의 아픔을 알수없는존재라 미안하고 그저 팬이라는 형식적인 단어에 갇혀있는존재라 미안할따름입니다 마음아픈사람들이 없었으면 좋겠습니다 모두가 행복하진못해도 아프지는 않았으면 좋겠습니다 형태가 없는 그무언가에 너무 매달리지않았으면 좋겠습니다 우린 특별합니다 생명이 있다는건 너무나 귀한일입니다 선택받은사람들입니다 특별히 생명을 누릴수있는 권한을 부여받은사람들입니다 그러니 다들 아파하지마세요..
진짜 다 좋아하는 노래들...
군대문제도있고 여자문제도있어서 너무너무 힘든데 노래듣고 조금은 기운이 나네요 고마워요...
너무 좋다..
기분이 우울해서 학교 점심시간에 듣고 있는데 27분정도 들으니까 발로 리듬을 타고 있네요..ㅋㅋ
"점점 분위기가 밝아진다..,!"
여러분들 모두 수고많았어요 모두 고생했어요 당신들은 사랑을 받을 자격이 충분합니다. 사랑합니다.
위로 받고 갑니당! 감사합니다!
진짜 요즘 너무 힘들어 죽을려고 했는데이 노래 듣고 마음좀 정리하고 할려합니다
세상에 소중하지 않는 사람은 없다.단지 그걸 깨닫기전과 깨달은 후로 나뉘어진다.모든 분들 화이팅!
어디쯤 계신가요?제 절 받으세요.어쩜 이렇게 찰떡 같이 제 맘에 드는 노래만 골라서 플리를 만드셨어요? 저는 꽂히면 질릴 때까지 무한정 듣는데 들을 수록 사랑스러워요><감사해요
"흔들리지 않고 피는 꽃이 어디 있으랴 이 세상 그 어떤 아름다운 꽃들도  다 흔들리며 피었나니 흔들리면서 줄기를 곧게 세웠나니 ?흔들리지 않고 가는 사랑이 어디 있으랴 ? 젖지 않고 피는 꽃이 어디 있으랴 이 세상 그 어떤 빛나는 꽃들도 다 젖으며 젖으며 피었나니 바람과 비에 젖으며 꽃잎 따뜻하게 피웠나니 젖지 않고 가는 삶이 어디 있으랴흔들리며 피는 꽃/도종환"
노래들이 위로가 많이 해주네요...
잘 때 듣기 제일 좋은 플레이 리스트
잘 들었습니다.
유일하게 위로를 해주는 노래... 노래 빼고는 위로해주는 사람이...없다....
여기있는 분들 댓글모두 가족처럼 따뜻하게 말해주는게 너무 좋다..
이런 노래가 제 ㅁㅏ음을 울컥 하게 만드네요 
맨날 우울할때 찾아옵니다 감사해요
와 노래좋다 녹차공방은 노래가 내스탈ㅋ
나중엔 행복해질거니 다들 힘내봅시다.
위로 받고갑니다.노래는 너무 좋아서 매일 듣고싶지만 힘들어서 들으러 오지는 않았으면 좋겠네요.3/33/93/143/16 너무 많이들으러 오네요 ㅎㅅㅎ..
완전 취저네요~와우!!! 어떻게 다 좋아!? 플리 저장했어요. 감사합니다.
진짜 다 좋은데 특히 love is gone이 젤 좋다..
진짜 먼지처럼 누구에게도 기억나지 않고 사라지면 좋겠다....
나는 매우 느꼈다 감동을당신의 노래 정말 좋다 
야근하면서 듣습니다..  화이팅!
많이 힘들지 ? 오늘도 수고햇어 스트레스 받아 몸이 망가지고 잇는대도 회사 살려볼려고 발버둥 치는 니모습이 자랑스럽다 지금 쉬는 순간도 너의 사람들이 있기에 쉴수 있는것이야 항상 감사하고 항상 노력하자 화이팅
잠시 내려놔도 되고 울어도 되고 포기해도 되고 늦어도 돼 세상에 남아만 있어줘 그럼 뭐든 그저 살아서 다시 시작하면 되니까 살아있기만 해줘 얘들아
잘 듣고 있습니다.내일을 기대하며 오늘도 화이팅 ^♡^
근데 댓글이 1000개 가까이 되는데 꾸준히 댓글 하나하나에 좋아요 눌러주시는 유튜버분 대단...
"어우야...뭐야...걍 퇴근하고 공부하다가 잠깐 쉬면서 음악 들으려고 별 생각없이 채널 들어온 것뿐인데...댓글에 힘든 분들이 왜 이리 많아...다들 앞으로는 조금씩 덜 울고, 더 웃는 삶 사시길 바라요!!"
마주오는 무리들앞에 혼자 서 있다는 두려움이 일때 누군가 뒤에 서 있는 기분 참 좋타
"인생이 너무 힘들었는데 여기서 치유받고갑니다,.."
2022년은 매일 안 좋은 일들만 쌓여가고 있어요...2023년은 제발 좋은 일들이 쌓여갔으면 좋겠어요...
힘들때 마다 와서 듣고 많이 운거 같네요.. 평상시에 있을 때는 행복하지가 않은데 왜 울고 나면 행복할까요...
모두 행복하세요
늘 행복하진 못해도 기복이 덜 했으면 좋겠다. 우울의 끝은 가지말자
잘 들었읍니다..
여기 모든 사람들 점심 뭐먹지 정도의 고민만 하며 살 수 있으면 좋겠다
안녕하세요 요새 제가 정말 우울하고 힘들어서 자주 들었는데 실례가 안된다면 다운받을 수 있을까요? 너무 듣기 좋고 위로가 돼서 그러는데 녹차호떡님께서 안된다고 하시면 바로 포기하겠습니다. 좋은 영상 만들어주셔서 감사합니다
"플리 너무 좋아요,,,"
"지나가면 알게 될것들을 미리 알면얼마나 좋을까,.지금 당장 뭘 해먹고살아야할지 모르겠다. 갑갑하고 이런 현실이 언제쯤 끝이날지 누가 알려줬으면좋겠당 정말..."
인상깊은 노래 투성이네요
행복했으면 좋겠다 영원히
돈벌어서 가족들 꼭 빠른시일내에 다시볼 수있게 해주세요. 열심히노력할게요..그때까지 건강하길빌어주세요..보고싶습니다. 엄마...아버지... 가족들..
울지마 우울해하지마 시간이 지나면 다 추억이야
와 내가 좋아하는 노래 밖에 없어 지린다
시간이 지나면 괜찮아질거에요 모든건 변하니깐 삶도 파도처럼 널뛰며 좋았다 나빴다 반복해요오늘 우울하면 내일 행복해지고내일 행복하면 또 다시 우울해져도 돼요대신 여러분 자신을 사랑하기만 해주세요
트로이 시반 blue만 없었으면 완벽했다. 좋은 노래 많이 알아갑니다!...
힐링된다아 ~~~~
2003년생들 화이팅 하자 모두!
노래가....아주그냥...... 미쳤읍니다
모르는 사람들끼리 이렇게 응원하고 좋은 일만 가득하길 바라는데 정작 가까이에 있는 사람들은 힘들어 하는 걸 왜 외면할까요
내 최애 플리
"제가 들어본 플리 중에 최고예요,,, 여기 플리 맛집 ?"
고3 첫 시험 제발 잘 보게 해주세요ㅜㅠㅠㅠ
요즘들어 하루하루가 행복하지 않네요… 그저 하루를 버티는 느낌이들고.. 친구에게 애써 괜찮은척하지만 저도 모르게 친구한테 짜증도 부리고 주위에 소중한사람들 마저 떠나갈까봐 두렵네요. 그냥 주위에 있는 모든 사람들이 행복했으면 좋겠네요 다들 힘내세요!
다들 힘든일이 많나 보네요 다들 힘들다는게 힘이 납니다..ㅎ
"아니.. 백그라운드에서 다른 음악 듣고 있다가 끝나서 알고리즘에 의해 이 영상으로 자동 재생되었는데, 첫 곡부터 충격받아 바로 제목 확인했네요.좋은 노래 모아주셔서 고맙습니다."
그냥 많이 지치고 힘드네요 감정을 컨트롤할수없을만큼 제가 많이 힘든가봐요 세상은 왜 나한테만 이러는지 나만 왜 이래야하는지 그냥 너무 서럽네요 곁에 남은 사람이 많이 없네요 세상은 저 혼자서 버티기엔 너무 외로워요 제 편이 없는것같아 내일이 막막하네요 행복하고싶어요 정말
제가 알고있던 분의 부고 소식을 듣고 마음이 싱숭생숭해져서 왔어요. 당장 오늘이 첫 중간고사라 밤을 새고 있었는데 그런 소식을 들으니 공부가 손에 안잡혀 거진 두시간동안 숨이라도 의식해서 쉬려고 노력했어요. 이젠 잠시 그 분에 대한 생각을 덮어놓고 진정하고싶어요... 삼가 고인의 명복을 빕니다.
우울함의 치료는 절대 행복감과 긍정이아닌 우울감으로 치료하는것이 아닐까
새벽에 러닝하면서 공원에 에릭베넷의 음악이 울려퍼지면서 ..콘서트장같은기분이들더라구요그어떤 리믹스보다 호떡님리믹스가 음질이 저세상인것같습니다
노래가 좋아 듣다보니거의 300만이네 어쩐지..굿굿
노래들으면서 댓글보니까 눈물이 나네요...
스트레스가 날아가네요 영상 감사합니다~!!
갑자기 노래 듣는데 울컥 하네요.....
이 노래들 다 내 뇌에 기억하고 싶다. 세상에는 좋은 노래들이 많아서 다 듣고 죽고 싶더라. 난 결국 이 노래들을 까먹는게 너무 슬픈 것 같다…
인간관계 만큼 어려운것도 없다 진짜 미칠거같네
"저도 평일 회사, 주말 알바하며 살아보니 시간지나 보니, 다 지나가지더라구요 아직도 그때의 나를 생각하면 짠하지만, 참 열심히 살았다 해요 제일 힘든시간도 행복한 시간도 다 지나가져요. 우리 오늘도 내일도 어제도 잘 이겨내요"
Right here 너무 좋네요ㅜㅜ
ㄹㅇ 시험기간마다 들어요....
제 주위에는 아무도 없는거 같고... 다 가짜 같아서.. 무섭고 우울해요...  그래서 요즘 그나마 이런 노래들이 도움이 되는거 같아요... 감사합니다
첫곡 뭐야... 개좋잖아...
우리나라노래랑 섞여있어서 넘나 젛네영
완전 제취향 플리네요ㅠㅜ
진짜 이번에 너무너무 힘들어서 플리 찾고 있었는데 이 플리가 보이더라구요.. 잠시동안 가만히 있다가 이런저런 생각을 많이 하게 되네요.
살기 힘들다면 잠시 내려놓아라 우리에게 지금 필요한 것은 노력이 아닌 휴식이다.....지금 당신이 지치고 힘들다면 안좋은 생각과 일만 일어날 수 있다 한번씩은 죽음을 생각한다 하지만 우리가 선택하지 못하는 이유는 사는 것에 대한 두려움보다 죽음이 대한 두려움이 크기때문이다 이것은 누구에게나 적용될 것이다 나 자신이 휴식이 필요하다 생각이 든다면 쉬어라 그렇지 않으면 인생은 계속해서 힘들어질 것이다 좋은 생각을 하기위해서는 자신이 즐거운 것을 찾아라....내가 살아가기 때문에 이세상이 있는 것이다 세상이 있어서 내가 사는 것이아니다....명심하자
스무 살부터 야심차게 진행하던 사업이 코로나를 기준으로 하락세를 타면서 3년이 지난 지금은 투잡 쓰리잡까지 구하는 인생이 되어서 생각을 깊게 담지 않고 밝게만 지내려고 한 제가 처음으로 이런 플레이리스트를 듣네요 들으면서 일기 같지도 않은 일기 쓰겠다고 펜도 잡고 남들한테 하지도 않는 말을 쭉 쓰고 나니 마음에 웅어리가 조금 풀린 것 같습니다 좋은 음원 감사해요 자주 올 것 같네요 :)
가끔씩 우울할 때는 누구에게나 있는 것 같습니다저는 우울한 날 무의미한 시간 보내기를 몇 달 전까지 해왔습니다만 이제는 그냥 산책도 해보고 책도 읽어보고 공부도 합니다  저는 우울할 때 하는 공부가 제일 잘 맞는 것 같았습니다 생각이 비워져서요 그리고 뭔가 하고 있다는 느낌은 나에게 충족감을 안겨줬습니다. 이번엔 노래듣기를 해 보려고 찾아왔습니다 두 번째 노래는 제가 정말 좋아하는 곡입니다 들리자마자 기분이 좋아요좋은 노래 리스트 만들어주셔서 감사드립니다새로운 2023년을 잘 보내시길 바랍니다 저는 올해 현역으로 수능을 보게 됩니다 감회가 새롭군요  아무래도 파이팅해야겠죠. 모두 자신만의 길을 잘 걸어갔으면 좋겠습니다 지금부터나 앞으로요 댓글 달아보기는 또 오랜만인 것 같네요 암튼 다들 행복하시기^-^
자기가 하고싶은 일을 한다는거 보다 하고싶은 일이 뚜렷하게 있다는게 너무 부러워...내일도 난 딱히 좋아하는건지도 모를일을하러 출근해야지...
우선 노래 잘 듣고 갑니다힘들단 말 한마디 꺼냈다가 니가 뭘 그렇게 열심히 했다고 힘드냐는 말 듣고 난 뒤로 지금까지도 남들 앞에서 힘들다는 말을 쉽게 하지 못 해요.. 그냥 다 내탓인거지 내가 끊임없이 우울한건 내가 게으르고 이기적이기 때문인걸로 여기게 되네요 잘 해내는 것도 열심히 하는것도 없으면서 나는 뭐 땜에 힘든건지..나는 그냥 살아가는 것만 해도 벅찬데
진짜 열심히 했는데 아무도 안믿어주네요..항상 혼자 견디고 버텼는데 기댈사람 한명만 있었으면 좋겠네요...
왜 사는 이유는 중요하지 않아요 그져 이 곳에 있기 떄문에 사는것이 즐겁고 내일이 있으니 사는겁니다 모두 힘내세요!!
정말 모든걸 다털고 좋은일만 생기면 좋겠다...
진짜 내 취향 뺴다박았네...
이젠 너무 지치고 무료해서 마음이 .... 그래... 마음이언제쯤 내 정신병이 나아질까그래서 언제쯤 평범하게 직장다니며 살 수 있을까건강이 최고라는 말이 정말 와닿아..건강만 하면 뭐든 하며 행복할수 있을거 같다고 생각하지만 또 그때가 되면 또 다른 힘듬이 찾아오겠지 그렇대도 해야만 해더이상은 가족들에게 피해 주고 싶지 않아난 너무 지쳤어 지쳐 재밌는것도 없고 무료해 ..난 마음이 편안한게 행복한데... 이 순간도 지나가겠지 편안함을 많이 느끼며 살아가고싶다 ..
아들의 힘들어하는 지켜봐야하는 엄마입니다 어떤말도 위로가 안될테고 힘들겠지만 엄마 너가 잘났든 못났든 언제나 니편이고 사랑해넌 정말 멋진아이야성적 가지고 뭐라하지 않기!누가봐도 잘못됐다하는 행동빼고는 다 이해해주기나쁜짓만 아니면 하고싶은거 다하게해주기여행 많이 다니고 항상 웃게해주기
나 대신 울어주는 노래를 찾고있었습니다. 감사합니다
나만 댓글을 봐도 노래를 들어도 계속 슬프냐..
꼭 군공무원될거야!!파이팅
너가 힘든 거 나도 알아 근데 주변 사람들도 생각하자언젠가부터 난 네 감정 쓰레기통이 되었고 난 널 한 번 더 믿고 널 선택했는데 네가 나한테 이럼 안 되지 내가 얼마나 힘든데 너만 힘든 거 아냐 나도 힘들어 아니 이제 힘들다는 말도 안 나와 제발 네가 이쁨 받고 싶으면 이쁨 받을 만한 성격을 갖추자 너 먼저 주변 사람들에게 잘 하자 응? 주변 사람들을 게 취급하는데 누가 너한테 잘 해주겠니 난 니가 내 친구니까 참는 거야 근데 니가 계속 이렇게 하면 나도 너랑 못 지내 나만 힘든 관계는 싫어
모든 사람들이 행복했으면 좋겠다나도
저번에 듣고..그냥 기억속 한 파편으로 남아있었는데 체하니까 이거 제일 생각나서 들으러왔어요..여러분들 아프지 마요..
다음 플리에 scars-elias 도 넣어주세요 숨은띵곡입니다!
듣기 좋네 ㅎ
녹차호떡님 감사해요 ㅡ 이 플리 덕분에 두 번째로 살았어요.
다른 사람들은 다 즐거워보이고 다 잘 사는 거 같은데 나만 힘들고 잘 살고있지 못한 거 같아서 우울하고 무기력해서 그냥 하면 되는 일들도 안하게되고 축 쳐졌었는데 나 말고도 이렇게 힘든 사람이 많다는 사실 자체가 위로가 되고 힘들어도 잘 살아보려고 하는 모습들이 저에게 힘이 되네요 독재생이라 공부할때마다 혼자라는 생각이 들어 외롭고 힘들었는데 보이지 않는 곳에서 매순간 고군분투하며 삶을 살아내시는 많은 분들이 있다는 사실을 기억하면 함께라는 것에 제 마음이 가득 차는게 느껴져요. 눈을 뜨기 힘든 아침에도 지금 함께 아침을 시작하는 많은 사람들이 있다. 공부를 할 때에도 보이진 않지만 지금 나와같이 꿈을 위해 달리는 열정들이 있다. 이 사실을 기억하면 더는 외롭지 않고 가슴 충만하게 하루하루를 잘 살아낼 수 있을 거 같아요 모두 감사합니다 여러분도 혼자라는 생각이 들거나 그렇지 않더라도 혹시 외로움이 느껴진다면 같은 세상 어딘가에서 같은 것을 경험하며 같은 감정을 나누는 누군가가 있다는 사실을 기억하고 따뜻한 마음으로 살아갈 수 있길 바랍니다
침대에 걸터앉아 하늘을 바라보니 작년 추운 겨울 하늘의 별이 되신 우리 아버지가 생각나네요 살아 생전 사랑한다는말 한마디 하기가 그리 힘들지 않았을텐데 그 한마디가 뭐 그리 창피하고 부끄럽다고 그 한마디 한번 해보지 못했네요 매일 외출하고 돌아오면 밥은 먹었냐면서 인사해주던 아버지의 모습이 너무 그립습니다 점점 우울해져가고 지쳐가는 제 모습이 너무 한심합니다 삶의 의미도 사라져 가지만 제 곁에서 저를 보고있을 아버지를 위해 꼭 성공하여 남 부럽지 않게 살아가고픈 바람이 있습니다 아버지가 비록 젊은 나이에 암이라는 병에 의해 곁에 있어주진 못 하셨지만 늘 제 곁에서 가족들을 지켜주고 계실거라고 믿을겁니다 오늘도 지친마음 잘 위로받고 갑니다
눈물 막 떨어지는중 여러분들 항상 힘내요
"그냥 당당하게 살자. 뭐든 해봐,못해도 되..경험이 곧 삶이고 행복이니까."
안녕하세요 현재.해군 복무하고있는데 배 생활이.너무 힘들어서 왔습니다 전역날 다시 오겠습니다 노래 잘 듣고갑니다
나는 당신에게 오늘 정말 훌륭하게 해냈고 자랑스럽습니다. 좀 쉬세요. 안녕히 주무세요!! <3
2022년은 저에게는 너무 힘드네요...2023년이 빨리 찾아왔으면 좋겠어요....
"다가올 미래에 슬퍼하지말고 괴로워하지말고 힘들어 하지마요 , 난 지금의 나만 신경써요 미래는 아무도 몰라요 오직 지금만 생각해요 힘내요 괴로워하지말고 좌절 하지마요 한번 지난일은 후회해도 돌아오지않아요 잘 생각하고 잘 결정 해야되는 미래지만 미래의 나보다는 지금의 나를 생각하며 지내요 미래의 나보다 행복해야되는건 지금의 나 니깐요. 지금의 내가 행복하면 된거예요.미래가 괴로울지라도 과거가 힘들었을지라도 지금의 나만 생각하면 당신은 충분히 뭐든 이겨낼수있어요오직 지금의 나만 따르고 행동하세요 행복하면 된거죠 뭐, ㅎㅎ"
진짜 매일 여러 생각 하는데 복잡하고 힘들다 이젠 생각 하는 것 부터가 너무 지친다
공부 스트레스때문에 많이 힘들었는데 댓글 보니까 다른분들도 많이 힘들어 하시더라구요 한분한분 답 다해드리고 싶은데 그러지 못해서 죄송스럽네요 저도 우울해 있을때 좋아하는 아이돌을 생각하면 눈물이 나오고 나만 두려운 인생사는것 같았는데 시간지나서 보니까 자기 자신을 사랑해주지 못해서 그런것 같아요 자기 자신을 다독여주세요 여러분 모두 주변사람들에게 모두 특별한 존재니까 자책하지 마시고 언젠간 좋은날이 올거에요 천사같은 여러분들 덕분에 하루하루가 좋게 지나가네요 감사하고 힘내세요!!
사진이 너무 예뻐서 들어왔는데 노래가 너무 좋네요ㅠㅜㅜ 혹시 사진 출처 알 수 있을까요??
"포기하지 마,할 수 있어,너 자신을 믿어,너가 제일 세.흔들릴때마다 나 스스로를 일으켜 세울 때 속으로 하던 말.앞으로도 꾸준히,더 열심히 하자.할 수 있어.넌 될거야"
인생 진짜 다시 살고 싶다......
우울했던 일 적으려 해도 이런 곳에 글을 올려서 위로를 받아보겠다는 제가 혐오스럽고 역겨워지기만 하네요... 남들 힘든데 저만 징징대는 거 같아서... 선곡 고맙습니다 들으면서 참아볼게요 노래 잘 듣고 가요
이 플리 거의 모르는 노래 없고 다 내가 좋아하는 노래들만 모여있음..
소중한 사람과 두번째 이별을 한 후 우연히 듣게된 채널이예요 그동안 흥분되어있고 계속 경직 되어있던 마음이푸욱 가라앉게 되는거 같네요 이젠 다시 볼수도 소식을 들을수도 없겠지만우리가 사랑했던 그날들을 부정하고 싶진 않아요 제게 사랑을 알려줬던 사람이니까요 ㅎㅎ그냥 이젠 누구를 탓하기 보단 받아들이고 앞으로 더 멋지게 살아가고 싶습니다 내 자신을 위한 삶 그동안 연애하느라 나 자신 내 주변을 못챙겼으니 더더욱 같이 챙겨가면서 그렇게 살고 싶어요  !!! 감사합니다자주 들리게 될거 같아요
이 글본 모두들 화이팅 ! 미래는 즐거운 일만 있을거에요 !
평화의 첫걸음은 당신이 통제할 수 없는 것을 놓아주는 것입니다.
다른곳들은 제목만 좋고 막상 들으면 그냥 그런데 여긴 좋다
고마워요 ㅠㅠ
가족과 연끊고 산지 8년 친구들과도 연락안한지도 오래되고 우울증까지 오게되고... 하루에도 자살생각을 얼마나하는지 모르겠네요. 조금이나마 음악들로 위로받고갑니다.
이 플리가 최고다...
생일인데 미칠정도로 외롭다 누가좀 진심으로 날 사랑해줄수있는사람이 필요한데 날 진심으로 좋아하는지 모르겠고 나만 놓으면 끝나는관계가 너무싫고 외로운게 너무싫다 누가 아무나 진심으로 날 좋아해주고 진심으로 사랑해주고 진심으로 축하해줬으면 줬겠다 많은거 안바라고 그냥 날 좋아해줬으면 좋겠다 차라리 아무도 모르는 곳으로 떠나고 싶다 생일만 되면 우울한것도 이젠 지치다
화면이 너무 이쁨눈이 제대로 정화
가족한테는 한없이 미안하고 주변 사람들한테도 미안하고 학교에서는 내가 힘들어 한다는걸 티 안내고 사는거에 지치는데 어른들은 모법생이라며 나를 강요하고있는 거에 어쩔수 없다며 받아들이는데 종종 알아채는 선생님들이 말 없이 힘내라며 할때는 또 짐을 드린것 같아 죄송하면서도 알아주셨음에 감사하고 학교에서 하는 심리 검사에서는 티를 안낼려고 해도 결과가 말하듯 티가 나서 나 자신에 대가족한테는 한없이 미안하고 주변 사람들한테도 미안하고 학교에서는 내가 힘들어 한다는걸 티 안내고 사는거에 지치는데 어른들은 모법생이라며 나를 강요하고있는 거에 어쩔수 없다며 받아들이는데 종종 알아채는 선생님들이 말 없이 힘내라며 할때는 또 짐을 드린것 같아 죄송하면서도 알아주셨음에 감사하고 학교에서 하는 심리 검사에서는 티를 안낼려고 해도 결과가 말하듯 티가 나서 너무 슬프다 초등학교 2학년때 말 한마디의 결과를 느끼고는 말을 아끼게 되고 사람들과는 아무렇지 않은척 하지만 아무 생각안하고 싶어도 그게 어려워서 미치겠고 지친 나를 보면 다른 사람들 다 열심히 살다가 노력하다가 지치는데 나는 뭐 했다고 지쳤다는 핑계를 되면서 모든걸 놓고 싶다며 우는지 모르겠다..부모님도 내가 힘든걸 얘기하면 그렇다고 다 내려 놓을거냐며 아빠랑 같이 노력해보자고 이렇게 해보면 어떻겠냐 저렇게 해보면 어떻겠냐하는데 나는 왜 저것들을 하면 될거라는걸 알면서도 아빠한테 알겠다고..해보겠다는 말 한마디를 못하는가족한테는 한없이 미안하고 주변 사람들한테도 미안하고 학교에서는 내가 힘들어 한다는걸 티 안내고 사는거에 지치는데 어른들은 모법생이라며 나를 강요하고있는 거에 어쩔수 없다며 받아들이는데 종종 알아채는 선생님들이 말 없이 힘내라며 할때는 또 짐을 드린것 같아 죄송하면서도 알아주셨음에 감사하고 학교에서 하는 심리 검사에서는 티를 안낼려고 해도 결과가 말하듯 티가 나서 나 자신에 대가족한테는 한없이 미안하고 주변 사람들한테도 미안하고 학교에서는 내가 힘들어 한다는걸 티 안내고 사는거에 지치는데 어른들은 모법생이라며 나를 강요하고있는 거에 어쩔수 없다며 받아들이는데 종종 알아채는 선생님들이 말 없이 힘내라며 할때는 또 짐을 드린것 같아 죄송하면서도 알아주셨음에 감사하고 학교에서 하는 심리 검사에서는 티를 안낼려고 해도 결과가 말하듯 티가 나서 너무 슬프다 초등학교 2학년때 말 한마디의 결과를 느끼고는 말을 아끼게 되고 사람들과는 아무렇지 않은척 하지만 아무 생각안하고 싶어도 그게 어려워서 미치겠고 지친 나를 보면 다른 사람들 다 열심히 살다가 노력하다가 지치는데 나는 뭐 했다고 지쳤다는 핑계를 되면서 모든걸 놓고 싶다며 우는지 모르겠다..부모님도 내가 힘든걸 얘기하면 그렇다고 다 내려 놓을거냐며 아빠랑 같이 노력해보자고 이렇게 해보면 어떻겠냐 저렇게 해보면 어떻겠냐하는데 나는 왜 저것들을 하면 될거라는걸 알면서도 아빠한테 알겠다고..해보겠다는 말 한마디를 못하는는거지..엄마한테는 아빠랑 얘기했던걸 말하면서 그랬다 했더니 엄마가 그럼 어떻게 될지 모르겠지만 조금씩이라도 1시간씩 만이라도 해보면 어떻겠냐고하는데 잘못하신것도 없는 부모님한테 내가 뭐한거지 라는 생각이 들면서 밥 먹다가 울어버렸는데..참 한없이 죄송하더라..부모님은 오래 사시면서 많은 힘든 일들이 있었을텐데 힘들고 지치며 다 내려 놓고 싶었을 때도 있었을 텐데 포기안하고 있어주시는 부모님께 존경심을 표합니다..말씀은 못드리지만 항상 죄송하면서 감사해요...참 이게 뭐하는건지 싶은데 이 노래를 들으러 오는 모든분들은 오늘 하루 고생하셨고..내일 하루가 얼마나 힘들지는 모르지만 내일 하루도 힘든걸 알면서도 살아봐요..어제도 고생하셨고 오늘도 멋졌고 내일도 살아봐요 쓸데없이 긴 댓글..죄송합니다ㅎㅎ
처음에는 이겨내보려하고그다음에는 남탓을하고시간이 지난뒤엔 내탓만 하게되고상황을 피하게되고모든게 지치고 지겹고 신경따위 쓰지않고 놓게되고이런내가 또 지겨워지고 자책하고 이겨내보려 하지만답을 찾지못해 버티고만 있는데이걸 놓게될것만 같은 내가 보여서 발버둥 쳐봐도 나만 힘든거같아서나없이도 세상은 잘돌아간다는게잔인하게도 현실이라서죽고싶은게 아닌데 살아갈 힘이 없다죄송합니다 이런말 써서 그냥좀 적고싶었어요
내 친구한테 너무 추천해주고 싶은 곡들이다.. 나한테 진짜 도움 많이 준 친군데 자존감이 낮아서 너무 혼자 힘들어하는데 내가 공감을 잘 못해서 항상 위로는 해주는데 잘 못 해주는거 같아서 미안하고 안쓰럽기도 함.. 제발 그럴 자격 있는 애니까 일어났음 좋겠고 더이상 얘한테 상처주는 사람 없었으면 좋겠음
다들 소중한 사람들이라 고마워요 함께해줘서 고마워요 항상 살아줘서 고마워요 언제나 행복하란 말은 너무 잔인하고 어찌보면 희망고문 같더라구요 그니까 먹구름이 끼어도 괜찮으니까 그 뒤에 잠시 가려진 행복이 영원하길 바라요
지치고 우울할 때 편안하게 해주는 노래 30곡
남을 부러워하는 내가 정말 싫다나로 만족하지 못하는 내가 싫다이대로 포기하려는 내가 싫다성실하지 못하는 내가 싫다그냥 이대로 죽고 싶다죽기는 무섭기에 이세상을 견뎌보려 한다두렵다우울하다의지할수 있는 누군가가 생겼으면 좋겠다
"힘들어도, 괴로워도, 아프고 고통스러워도 천천히 가도 한걸음 한걸음 걷는 모든 사람.. 바로 당신 때문에 이 세상은 살만 합니다. -옳은 일에 변치 않는 모든 사람들에게좀 넘어지면 어때, 주저 앉으면 어때, 쉬어가면 어때... 괜찮아요 괜찮아요 잘 살아왔고 잘 살거에요... 그게 당신이니까-너무 많은 짐을 진 모든 이들에게"
다들 속상한 일 있겠지? 난 얼마 전에 친구랑 손절했다. 속상하지만 후회 안해. 다들 힘내자 진짜
오늘 주변에서 억울하게 당한게 많은 너무 힘든 하루 였는데 듣고.... 좀 나아졌네요..... 너무 힘들고 아파서 뭘 할지 모르고 나쁜생각도 하다가 이 노래 듣고 1시간 잠에 빠져서...... 좀 나아진거 같아요......
"진짜 요즘 모든걸 다 내려놓고싶을정도로 힘들고 우울하다 ,"
전 단한번도 생일을 제대로 치뤄본적이  없어요딱한번 혼자 케익이란걸 사다 먹어봤네요 그것도 생일하루지나서 ㅎㅎ  다음생엔 가난해도 좋으니 가족이란걸 느껴보며 살고 싶네요
저 Always 듣고 울 뻔했어요..ㅜㅜ 힘든 일이 있었는데.. 아는 노래 나와서도 그렇고.. 한국 노래여서도 그렇고.. 알지 못하는 감정 때문도 그렇고..ㅜㅜ....
여러분  과거는 그립기 마련이에요 과거에 너무 집착 하지마되 그립기만하고 현재에 집중하시고 그리고 다가올 미래에 대한 걱정은 접어두세요 모두 현재에 집중하면 더 나은 미래가 올거에요 그러니까 Don’t worry about future!! Concentrate now!
감사합니다 오늘 아침부터 우울하게 일어나서 줌수업마치고 사연이 있어서 울고 아빠가 원망해서 울고 오빠가 계속 괴롭히니까 또 울고 울었습니다 감사합니다 자살도 생각했는데 좀 괜찮아졌네요 지금은 노래들으면서 괜찮은척 하면서 숙제하고 있습니다 12살이 도대체 뭐가 슬프다고 이렇게 우는 건지 어쨋든 오늘 감사합니다 제 우울한 하루를 달래주었네요 진심으로 감사합니다
시험 하루전 후회없이 있는한최선을 다해보자!
진짜로...요즘 너무 힘들고..시간이 진짜 왜 이리 빠른지 모르겠어요..
"[입체음향 ASMR] 바다가들린다 | 그녀와 헤어진 오늘이지만, 내일은 기말고사야... | 당신의 시험기간을 위한 ASMR"
전 항상 모든것에서 도망치기만 한거 같아서 오늘은 도망치지 않고 제대로 서봤는데 그동안 도망친 벌인지 제대로 맞선 결과가 많이 안 좋네요 자꾸 제 결과 때문에 사람들이 절 의심 하고 싫어하는 상상이 된답니다 많이 무섭고 많이 심란하지만 플리 듣고 응원 얻고 가요 감사합니다!
감사해요^^
갓 20살 된 사람인데.. 저만 아무것도 안 하는것 같아서 죄책감 드나요.. 진짜 남들처럼 공부도 잘해보고 싶고 남처럼 장학금도 받고 부모님 기쁘게 해드리고 싶은데 맘처럼 쉽지가 않네요.. 다른 분들 보다는 하찮은 일 같지만 너무 고민이네요.. 힘들고.. 하…
너무 힘든데 숨기려 아무렇지 않은척하며 웃는 내가 지겹다 이젠유일한 휴식은 침대에 누워 듣는 음악들
넌 이 세상에 무엇과도 바꿀 수 없는 소중한 존재야
남들이 아무생각 없이 하는 행동 생각 모두 너무 지치고 상처받는다그렇게 말해봤자 자기들이 이득보는게 뭐가 있다고 그래서 나는 이제 그냥 날 응원하기로 했다 물론 힘들겠지만 갑자기 바꾸는건 힘들겠지만그 힘든게 지금보다 더 할까라는 생각을 해보면 바꾸는게 좋을거같다항상 내가 잘못했다고 미안하다고 괜찮아라는 말 모두 해주기만 했을뿐듣은적이 없다 나도 때로는 혼자 있고 싶다나이가 들수록 엄마아빠와 함께하는 시간이 줄어들고 친구들과 함께하는 시간이 많아졌다주말 매일 놀러다니고 9시쯤에 들어오고바로 잠들고평일에도 12시쯤에 나가서 학원갔다 놀다 집 들어오면 10시되고 또 바로 자고가족들과 함께 하는시간이 줄어들었다이게 맞나 싶지만 지금은 친구들과 있고 싶다나또한 이런 시기도 지나가겠지 하면 기다리는게 약이다기다리고 기다리면 언젠가는 행복할때가 있겠지라며 기다려야한다항상 사람들 앞에서 밝은척 괜찮은척 나도 안괜찮고 힘들고 누군가에게 기대서 울고싶고 위로받고 싶은데 근데 울면 지는거잖아 울면 안되잖아 나 이상하게 보이잖아 그럼 이상한 사람 되는거잖아 그럴빠엔 그냥 밝은척 괜찮은척 해야되는거야 그거뿐이야그냥 제발 버텨줘 너 지금 잘하고 있어 너 멋져
선곡 좋아요
내 마음이 어려워요 그냥 지쳐용 그냥 잘 지내자
"난 무엇을 향해 앞으로 나아가고 있는가? 난 살아가는 동시에 죽어가고 있는건가?난 뭐가 간절하기에 이리 처절하게 발버둥치는가?나에게 끝이 있는 삶에 희망을 왜 주었는가? 난 왜 그 작은 것을 보고 간절히 바라는가?난 왜 뭐가 무서워 어둠 속에 몸을 숨기기만 하는가?난 왜 때때로 숨을 쉬지 못하는가?난 왜 괴로워하는가?난 왜 아파야만 하는가?난 계속 끝이 보이지 않는 고통 속에서 살아야하는건가?난 왜 모두가 행복해보이는 곳에서 이방인처럼 있는 것인가?난 휴대폰을 꺼버리면 끊길 인연에 연연하는가?난 왜 미련을 버리지 못하는가?난 왜 색이 빛나고 있는, 형형색색의 세상 속에서 나만 무채색인 것인가?왜 모두가 나의 단점만을 보는가?왜 나만 보면 상처 입히지 못해 안달난 것인가?왜 난 우울한 것인가?왜 날 이유없이 미워하고 증오하는 것인가?왜 이리 이기적인 것인가?이 세상은 왜 나한테 가혹한 것인가?왜 날 죽여주지 않는 것인가?난 살고 싶지 않은 것인가? 아님 이렇게 살고 싶지 않는 것인가?혹은 살고 싶지도 죽고 싶지도 않은 것인가?왜 날 위로 해주지 않는 것인가?이 아파하는 나를 봐달라고 이렇게 표현하는데 왜 눈치채지 못하는가?왜 내게 손을 내밀어주지 않는 것인가?왜 나를 안아주지 않는 것인가?왜 나를 도와주지 않는 것인가?도대체 내가 어떻게 행동해야하는가?행복이 무엇인가?난 왜 감정을 흉내내기만 하는가?언제까지 눈물을 흘러야하는가?언제까지 고통 받아야하는가?내 선택이 맞는 것인가?제가 잘못한 것이 있으면 알려주세요. 너무 고통스러워요제가 무엇을 잘못했나요? 난 행복할 수 없는건가요?어떻게해야 행복 할 수 있나요?왜? 도대체 왜?"
저기 어딘가서 허무하게 조롱거리로 사는 사람들을 보다가... 님들을 보니 무척 아름답습니다. 영혼이 살아있는 여기에 따스함이 내일에 우리 미래가 될겁니다
이런거 처음 써보는데 지나가다가 수고했다고 한마디만 해주세요 힘들때마다 그거 보면서 힘내고 싶어요
뭐하나 제대로 되는게 없는 요즘 워낙 주변에 힘들단 말도 잘안하는 성격이라 이 글 보신다면 모르는 분들이지만 힘내라는 말 듣고싶네요 그렇게라도 위로 받고싶네요
혹시 광고 없이 들을수는 없나요..?!
"엄마와 걷는 동네 한바퀴, 카페인에 약해서 커피 한잔 사서 나눠 마시던 커피 한잔의 여유. 컴퓨터 문제가 생기면 어김 없이 나를 귀찮게 하는 아빠의 목소리 같은 것들. 함께 하는 작은 모든 순간이, 남은 순간들이 이기적이만 남들 보다는 길었으면 좋겠다 세상 어디에선 부족한 나 일지라도 나는 부모님의 자랑, 부모님의 사랑, 부모님의 행복"
"삶에는 수많은 질곡이 있습니다. 행복도, 기쁨도, 슬픔도, 두려움도 모두 나의 삶입니다. 어느 하나 밀어내지 않고 서퍼들처럼 멋지게 삶의 파도를 타는 우리가 되기를 바랍니다. 진심으로 평온하시길 빌어요, 여기 찾아온 모든 분들이."
감사감사 좋은노래 힐링맘쨈...
"너무 고독해요.어린시절 제 뿌리가 자라날때 우울증 바이러스가 껴있었나 봐요.최근 1달전부터 약을 먹고있는데, 전 그 전부터 아팠어요.그 시간들이 참 고독했어요.너무 힘들었어요.그런데 지금까지 홀로 감당하고있어요.사람들이 아는 나와, 실제의 나 사이의 괴리감이 더더욱 저를 고독으로 몰고가는 것 같아요"
"진짜 나도 힘들때 있는데....살기힘들때 있는데..이런걸 아무렇지도 않게 넘기고 아무것도 아닌것 처럼 어기고 진짜 살기힘든데...누군가 나에게 힘들지 할수있을꺼야 라고만 말해줘도 되는데 그 말 한마디 해주지 못해서 항상 누군가는 상처 받아야하고 자기 화난다고 다른 사람에게 화내고 그런 내가 너무,,한심하고 누군가 내 마음을 알아줬으면 좋겠다 라고 만 생각하고 그런 말 다른 사람에게 해주지는 못할 망정 그말을 듣기만 원하는 나는 정말.."
"학업에,사업에,관계에,사랑에….각각 모든 상황에 지친 분들 모두 문제들이 해결되어 행복하기를 바랍니다. 저 또한 부디 이공간에서 빨리 벗어나기를 기도해봅니다. 현재 위치에서 할수있는 최선을 다 해보고 그래도 실패한다면 그때는 정말 포기하는 것이 맞겠죠.하지만 저는 두가지 길 중 잘못된 길에 빠졌다고 생각하지않고 내가 선택한 길은 조금 험할지언정 옳은 길이라 생각하며 앞으로 나아가보려 합니다.상처입고 나약해진 저는 이렇게나마 글을 적고 조금은 괜찮아 …질지도 모르겠습니다."
지금부터 11시간 무호흡 공부하면 A+이다.힘내자 달달너구리
미국 가서 노을 지는 순간 듣고 싶다...
좋을 땐 가사있는 게 좋은데힘들 땐 가사없는 게 좋더라아니면 이렇게 무슨 말인지 모르는 노래 ㅋㅋ
이때까지 잘 버텨왔잖아 왜그래 좀만 더 버티자 솔직히 몇년 더 참고 공부해야되는거 알지만 그래도 곧 끝날꺼라고 생각하고 공부하자….현실이 이런데 어떡해유학가고싶은데 그럴 형편도 아닌거 알고 항상 왜 난 이런 나라에서 공부로 내 자신을 평가받고 있냐는 생각드는거 진짜 맨날맨날 그러고 행복할줄 알았던 중딩생활이 전혀 행복하지 않고 오히려 반대라서 어릴때 너무 호기심 많고 해맑았던 내 자신에게 너무 미안하고… 이렇게 힘든시기일수록 내 자신을 사랑해야된다는거 알지만 갈수록 내 현실이 싫고 불평하게 되고 우울증걸릴것 같고 진짜 왜 사는지 모르겠고 한국에서 나가고 싶고  마음이 진짜 항상 한대 맞은 것처럼 아프고 그런데 어떡하냐 나 진짜 … 앞으로 수능까지는 몇년남았고 인생은 몇십년이 남았는데 솔직히 어떻게 버텨야하는지 모르겠어. 항상 낭떨어지에 있어서 조금만 용기내면 떨어질것 같은 상황에서 먼 바닥을 보고 가슴이 철렁하고 이런게. 진짜 왜이럴까 내 인생에서 가장행복해야하는 이 나이에 난 왜 행복했던 기억이 생각도 안나는건지 너무 미안해 내 자신에게 넌 누구보다 소중한 존재인데 내가 하찮게 대해서 미안해  근데 미안한거 아는데도 앞으로도 달라지는건 없을것 같아 미안해 진짜 미안해 너무 미안해
자기전에 머리아파서 듣는데 머리 좀 풀린다
내 얘기를 털어놓으면 짐을 얹어줬다는 생각에 더 불편한 마음이 들어서 털어놓을 수가 없음. 근데 털어놓을 사람이 없다는 게 날 더 외롭게 만들어서 노래에 의존하게 됨. 내 멜론에 있는 노래들은 이미 천곡이 넘었지만 그곳에서도 내맘을 덜어줄 노래는 별로 없어서 유튜브에 외로울때 듣는 노래라고 치는 내가 불쌍해. 사실 나는 불쌍한 나에 취한 괴물이 아닐까 이런 생각을 하게돼. 난 불쌍한 걸까 이상한걸까. 답을 주는 사람이 없어서 오늘도 나 혼자 우울에 빠진다.
길었던 6년의 군생활이 한달뒤면 끝나는데 너무 무섭네요 사회는 고등학교때 이후로 단절됬는데 잘 적응 할란지 ~ㅠㅠ
공부하는게 힘들고 우울할때도 있고 세상은 다 이런가 봐요 ㅠㅠ
운동하면서 듣는 노래들 요기 다 있네
괜찮은 척도 지치고 행복했으면 좋겠다 누구한테도 말 할 수 없는 얘기를 이런곳에 말 하고 있다는게 내 자신이 초라해지고 인생을 잘못 살았나 싶다 너무 힘들다
내가 어케 살아왔는데 쉽게 우울해지지 말자.. 아직 앞날은 밝을지도 모르잖냐. 혁아! 더 힘내서 나한테 슬픔을 준 사람들 코를 납작히 해주자! 니라면 충분히 할수있을거다
우리 진짜 행복해지자 불행한만큼
이세상에 있는 모두는 사랑받을 자격있게 태어났어요... 나도 힘들어서 힘내라고는 못하겠네요 힘들땐 울어도 돼요 지금은 제가 외로워도 나중에는 외롭지 않기를 기도하며 조용히 생각을 하면서도 마음 한구석에는 너무 어릴때 마음에 점점 커지는 상처들을 보면서 옆에 있는 사람들이 하나 둘 나에게서 멀어갈때를 생각하면서 이세상에 믿을 사람이 없구나 나는 외롭게 살아야 하구나 하면서 애써 있는척 밝은척을 하면서 경계하면서도 나에게도 친구가 오기를 원해요 그러면서 더 크는 거겠죠? 나중에는 모두 지금보다 나은 삶을 살고 있을거라 믿고 싶네요...
모든 날 모든 순간들이 그립고 아름답다
아무 생각 없이 듣다 마지막 곡에서 감성폭팔 했음ㅜ_ㅜ
생일에 힘들게 모의고사를 보고 왔는데도 수고했다 한마디도 없고 생일이라 좀 쉬고싶은데 공부 안하고 논다고 눈치주고 먹고싶다고 한 케이크도 무시하고 가까운데에서 아무거나 사와서 초도 안불고 그냥 지들끼리 먹네요 친구들은 생일에 가족들이 막 축하해주고 케이크에 초도 꽂아서 불던데 너무 부럽고 서러워요 언제까지 생일에 울어야 할까요
그냥 힘들다..내 미래도 어떻게 될지 모르고..무엇을 위해 살아가는지도 모르겠다아직 내가 생각하기에도 어린 나이인데 벌써 철이 들어버린게 너무 싫다순수하고 상처를 금방 잊을 수 있던 때로 돌아가고 싶다 제발..
"지친 하루의 이유야 다양하겠지만, 행복하고 싶은 마음 뿐이겠지."
삶이 기계처럼 반복되고 세상과 동떨어진 느낌이 들면서 외롭고 고독하고 공허하고 알수없는 답답함이 매워지는 기분...맛있는걸 먹는것도 여행을 가는것도 새로운 옷을 사는것도 그때 그순간만 즐거울뿐 금새 무기력해져있는 내모습을 보면 스스로가 답답하면서도 어떻게 해야할지 모르겠음..무언가에 몰두해보라는 말에 뭐라도 해보려하지만 마음이 뜬구름처럼 떠있는 듯이 집중조차도 잘안됌 그냥 내가 별것도 아닌 인간이 된거같아서 괴롭다
힘들면 힘들다고 말할 수 있고 행복하면 행복한 대로 즐길 수 있는 내 감정을 있는 그대로 즐길 수 있는 내가 됐으면 좋겠어요 못난 모습도 예쁜 모습도 모두 내 모습이기에 나를 진정으로 사랑하는 사람이 되기를
계속 열심히 사는거 같은데 바뀌는게 없는거 같고 열심히 하고 있는 일이 틀리면 어떡하지
시험 40일 남았는데 최선을 다하겠습니다.
솔직히 시험공부도 안하는데 시험을 핑계로 유튜브 업로드 안해서 미안해요 그대신 이번 대회는 무조건 이길게요 정말 고마워요 봐줘서
지금바로행복해지세요
이거 지우지 말아주세요 :)
울게 해주어 감사합니다
"자야 할 시간인데 한 곡만 더 듣고 꺼야지, 이것만 듣고 진짜 꺼야지- 하다 선곡이 너무 좋아서 못 끄고 있네요.."
노래좋네
노래를 들어도 기분이 그대로인 내가 더 슬프게 느껴진다
힘들지만 힘들지 않아보이게.. 다들 그렇게 살고있겠죠?인생 참 쉽지 않네요 사는게 뭔지 뭘위해 사는건지..
중간 고사 끝난지 얼마 안 된 시점임에도 벌써 기말고사 준비하라는 소리나 들음
304만명이 지치고 우울하시네요 머두 힘내시길 바랍니다
그냥 힘들어서 왔어요. 다시 자기 혐오가 심해졌고 우울해요. 어디다 말할 데가 없어서 여기다 적고가요. 너무 힘들지만 제가 지금까지 있는 이유는 살고 싶기 때문인 것 같아요. 힘든 사람들 모두 괜찮아졌으면 좋겠어요
"행복이란 뭘까..중2 기말고사 첫 시험도 망했고 성적표 받고 엄마한테 뭐라고 하면서 보여드려야 할지도 모르겠고.. 어떻게 살아야 행복할지, 부모님을 호강시켜드릴지도 모르겠다.. 미래가 두렵다.. 이 인생 잘 살 수 있을지 모르겠다.. 어떻게 인생을 살아야 나중에 죽을 때 ‘하.. 인생 참 행복하게 잘 살았다’ 이런 생각이 들 수 있을까"
우울하고 힘들때 듣는 전세계 원탑음악은 김장훈노래 입니다. 암튼 잘듣고 갑니다
노래 너무 좋아요
"사는게 무섭다 안좋은 일 당한 것도, 취업준비도... 진짜 힘든 일은 한번에 닥치네 혼자 소송하기 힘들다   힘이 있고 돈이 있었다면 이런 일 당하지도 겪고 있지도 않겠지.."
좋다..
"힘내라고 앞으로의 날들을 응원하기 보다, 지금까지의 노력을 알아줘라그동안 힘들었던 걸 공감해주는 것, 그것이 가장 좋은 위로 아닌가?"
"오늘따라 유난히 더 많이 우울하더라구요..남자친구에게 하소연하려고 했는데 너무 졸려 해서 어떻게 하지도 못하고 그냥 재웠어요... 그래서 여기에 적어봐요. 안 봐도 그만 봐도 그만이기에 말이죠... 요즘 따라 그냥... 되는 것 하나 없어서 눈물이 먼저 앞서네요..누군가 들어줬으면 좋겠지만 다를 내 어두운 면은 잘 모르니 여느때와 똑같이 숨겼는데...예전 중3때 처럼 쌓이고 쌓여서 극단적인 선택을 많이 했는데 그때처럼 되지만 안았으면 하는 맘이네요.그때는 제가 진짜 미친줄 알았어요.부모님도 그렇게 생각했고요. 전 아직도 미쳐있는 거 같아요. 가끔 주변 사람들에게 물어봐요.""만약.. 내가 사라지면 어떨 거 같아??"" 어떤 사람은 ""그런 생각 하지 마.""라고 하지만... 어떤 사람은 ""나랑 상관없지 않을까...?""라는 둥 말하더라고요. 상처는 아니었어요. 그냥...""그렇구나"" 하고 넘길 수 있었죠. 하지만 계속 생각하면 제가 예전에 당했던 안 좋은 일들이 계속 생각나더라고요..그때 생각만 하면 더 깊이 파고들어요. 괜찮은 줄 알았는데 아프더라고요. 그 관련 단어라던가 그 아이들의 이름을 들으면 말이죠... 누군가는 잊고 용서하고 열심히 하면 좋은 일이 분명히 일어난다는 데... 이게 맞는 걸까 싶어요. 솔직히 말하면 이거 초등학교 때 해바라기 센터에서 나오신 분이 이렇게 말해주셨는데 그분이 하신 모든 것 때문에 더... 괴로워요. 그때의 담임선생님도 너무 하셨고요. 그냥 모두가 너무 했어요. 그거 때문에 저는 이 지경인데 당한 적도 없는 사람들이 위로랍시고 이러는 거... 더 악영향 끼쳐요. 그 애들은 여전히 평범히 잘 지내고 있는데 저는 지금이라고 학폭위 열고 싶지만 선생님들이 묻었던 거라 어떻게 못하네요. 증거는 물론이고 그 애들은 그때보다 더 자랐고 생각도 많을 텐데.. 선생님은 왜 학폭위라는 말을 전혀 안 해주셨을까요. 그놈에 학폭 없는 학교 타이틀이 뭐라고... 왜... 하... 여기까지 적어야겠네요. 더 적었다간... 제가 더 미칠 거 같아요...모두 억울한 사건은 없었으면 해요."
그냥 잠도 잘 못자고 하고 싶은 것도 못하는 이 시국에 공부하려고 각 잡는데 맘대로 안되니까 그게 참 미치겠네 나도 내 말투가 조금 그런거 같아서 노력해서 고치려 하는데 난 시비 건다는 말만 듣고 진짜 힘들다 이 플리 덕분에 후련히 마음 비우고 갈게요
하나도빠짐없이 하트달아준거 진짜감동이다.나도지금너무힘든데.. 너무아픈데 ..힘낼거고 이겨낼거고 ..
전에는 왜 세상에 미친 사람이 많은지 이해하지 못했어 내가 미쳐가는걸 보니 이젠 알겠더라이 세상에서 미치지 않고 버틴 사람들이 대단한거였다는걸
무슨 내용인지는 모르겠지만.. 우울할때 그냥 감성으로만 듣는거같아요 우렁차고 앞으로 나가서서 보여주겠다는 그런노래를 넣음 좋겠어요
1:21:02 마음에 드는 곡 발견!
"저도 너무 힘들어서 댓글 달려고 왔는데 오히려 제가 힘내라고 댓글로 다른사람을 응원하고 있더라고요 진짜진짜 힘든데 가족한테는 못말하겠고 그렇다고 다른사람한테 말하기엔 너무 많이 뒤통수를 맞아서 사람을 잘 못믿겠네요 인간관계는 정답 같은 것도 없고 한번 엇갈리기 시작하고 오해를 풀수있는 시간을 놓쳐버리면 다시 되돌려놓기 힘든것 같아요 오늘 저는 제 주변에 좋은 선생님을 한분 놓쳤습니다 제가 잘못했고 제가 못나서 놓친거지만 정말 그분과 7년을 봐온 사인데 그분께 `내가 널 잘못봤구나’라는 말을 들었을때 진짜 마음속 무언가 쿵.. 내려앉더라고요 오늘따라 유난히 예민했었는데 결국 일을 저질러버린거에요 선생님께 너무 예의 없이 말을 해보렸어요 전 겁이 많아서 이 상황을 대처하지 못했습니다 전 제 주변에 얼마없는 제 사람을 놓쳤어요 그래서 더 겁이 나네요 제가 예전과 다르게 바뀌어 버려서 제 주변 사람들을 실망시키고 떠나게 하지는 않을까 라는 생각때문에 더 제 자신을 압박하고 더 마음을 못열것같아요 이제 진짜 모르겠네요 내가 지금 하고있는게 잘하고있는건가? 이게맞나? 나 또 뭐 실수했나? 라는 생각이 매순간 제 머릿속을 맴도네요 갑자기 한해가 지나더니 저도 제가 변한게 느껴지더라고요 이렇게 갑자기 변해버리면 제 주변사람들은 저를 떠날까요? 정말 속이 터져버릴것같고 `나 힘들다고, 나 너무 함들어서 죽고싶다고, 누구라도 제발 알아달라고 ‘라는 말이 목구멍까지 차올라도 말을 못하네요 진짜 전 병x이에요 근데 어떻게 해야할지 모르겠어서 지금도 방황하고있네요 제발 아무나라도 좋으니 한마디해주세요"
솔직히 내가 사는 이유를 모르겠어서 너무 슬프다
lauv는 changes랑 modern loneliness가 없는게 아쉽네요
"사는게 한 고비 이기면 다른 고비가 오듯이 쉽지가 않죠. 그래도, 일상의 쉼 속에서 소소한 행복을 찾고, 다시 힘을 얻어서 잘 살아가요,우리. 오늘도 많이 고생했어요. 모두들."
이 댓글을 쓰는 내가 좀 우습지만 여태까지 잘 버텨왔어 가은아아무도 몰라줘서 많이 힘들었지
"웬 초등학생이 여기 왔나 싶겠지만 진짜 너무 죽고싶고 힘들고 우울하고 이걸 다 숨기고 또 집 와서 몰래 울고 정신과 심리 쪽 상담을 받아 볼려해도 상담사들 말고 진짜 저희 맘을 알라준 사람은 엄마밖에 없어요 엄마한테도 다 털어 놓지 못 하겠어요,, 괜히 엄마만 힘들까봐 제가 왜 사는지도 스트레스 푸는법도 친구들이랑 잘 노는법도 정말 잘 모르겠어요 이 노래들을때마다 힘이 나요"
"엄마한테도 말 못한 제 비밀인데요,  전 자존감이 엄청 낮아요. 금방 알게된 거지만요. 남들 말 한 마디에 이렇게 쉽게 무너지는 사람인줄 몰랐네요. 마음이 너무 불안해서 지금도 따뜻한 댓글들 하나 하나 읽고 있는데 솔직히 직접적으로 와닿는 것 같진 않아요. (사실 지금 어떤 노래를 듣고 댓글을 봐도 계속 가라앉는 기분이네요. 이런 경우 처음이라 당황...) 그래도 한 사람 한 사람 생각 해주시는 마음들이 다 너무 예쁘고 소중해서 하나씩 보고 있어요. 언젠가 저도 위로 받는 게 아니라 저처럼 불안한 마음을 가지신 분들을 위로할 수 있는 사람이 될게요. 마음 정리 하고 갑니다. 고마워요."
기현아 가고 싶다가 아닌 갈 수있어 거의다 왔어 로 생각 하자기현아 힘들다가 아닌 힘들수도 있지 남들은 너보다 더 힘드니까 꾹 참고 그남들보다 더 힘들 다고 느껴질때 그때 책임지고 힘들다고 말하자기현아 포기하고 싶다가 아닌 포기 할 때 과연 내가 후회를 안 할까? 라고 생각 먼저 하자기현아 인생이 좆같고 시발 같고 병신같고 비겁해도 다시한번 생각 해보자 내가 좆같게 시발같게 병신같게 비겁하게 행동하고 있는건지기현아 잠자는거 공부하는거 게임하는거 하나하나 컨트롤 못 할거면 크게 될 사람이라고 말하고 다니지 말자 근거있는 자존감을 가지자 기현아 엄마가 아빠가 뒤에서 응원해주고 있고 앞에서 응원 해주고 있다.넌 앞에서 공부하는데 왜 뒤에선 딴 짓 하냐 떳떳하게 살자 기현아 작심삼일이 아닌 작심으로 가자 내 꿈을 이룰 때 그때 까지기현아 절대 포기하지말자 끝까지 가보자 기현아 넌 충분히 끝까지 갈수 있어 그러고도 남아기현아 시간은 많다 기현아 앞으로 지금부터만 미치도록 하자 미친놈이 되자 평범하게 하지말고 독해지자 아니 독해지지도 말고 지독해지자 할수 있다기현아 힘내라 나 자신도 기현이 널 응원한다 기현아 지금은 전쟁 중이니 절대 절대로 쉬면 안된다기현아 너가 편해지면 안된다 기현아 너가 조금이라도 편하다 생각이 느껴지면 그때는 시간 낭비하고 있는거다기현아 지금 하는거에 대해 후회 하지말자 기현아 이제 시작이다 앞으로 나아가자기현아 할 수 있다 !
가사있으면 좋겠다
앞으로 잘할수있을까…. 지금이 최선같은데…. 너무어렵고 힘들다 나만 힘든게 아닐텐데 하..
막곡으로 beautiful tomorrow 지렸다
그립고 아프고 불안한 삶이 반복되도 잘 버텼다 내 자신
"다 내 탓인것만 같았어. 그래도 살아봐야지 우린 다들 선택 받은 사람이잖아. 누구도 뭐라 할 수 없는 대단하고 멋진 사람. 물론 이 글을 읽고있는 너도 정말 대단한 사람이야 “내가..?” 라고 생각하고 있다면 넌 너 자신이 얼마나 대단한지 잊고살았다는거야 너무 힘들어서, 너무 지쳐서 그래도 같이 살아보자구 어이어이 급발진 미안하고! 긍정적이게 굳이 안 밝아도 괜찮으니까 건강하고! (?????)?"
"좌우명을 ""이 또한 지나가리"" 로 정하고 부터 사소한 어려움부터 큰 결정을 내려야 하는 상황까지 좌우명을 곱씹으면서 대처하니 좀 사람이 차분하게 되는 것 같습니다..이 또한 지나가리..."
너무 힘들다 지친다 죽고 싶다 생각이 들면 주변을 다시 둘러봐요 당신을 좋아하고 사랑하는 사람이 더 많을 꺼에요 우리 다 같이 힘들고 죽고 싶을 땐 긍정적인 생각만 합시다
하루하루를 불안하고 초조하게 살아가고 있다남들은 다 행복해 보이는데 왜 나는 항상 불안해하며 살아가야 할까... 매일매일이 너무 힘들고 솔직히 지친다.. 하지만 나에게는 휴식을 취할 여유조차도 없는것 같다예전에는 모든게 다 좋았는데지금은 그냥 아무것도 하기 싫다조용하게 살고 싶다열심히 노력해봐도 미래는 여전히 두렵다
"죽을만큼 힘들다고 생각했는데 더 죽을것같은 일이 생기니 그때 일은 힘든것도 아니더라...지금도 더 큰 고통 앞에서는 작은 고통이겠지인생은 고통의 연속이라 생각하면 하루하루가 살기 힘들어지지만어차피 운명대로 살아갈 인생, 지금 고통이 가장 힘들다고 생각하지 말고, 이겨낼 수 있고, 지나갈거라 생각하자"
"힘들어도 웃는 척, 괜찮은 척, 상처 안 받은 척. 익숙해 져서 이제는 당연하게 된 것들. 오늘도 괜찮다며 날 달래 보지만 이젠 위로가 아니라 세뇌가 된 것."
종종 과거의 행복했던기억이 현실과 괴리감이 느껴지고 힘들다고 느껴진다면 조금 다르게 생각해봐요 과거의 기억들에서 행복한기억이 많은것은 우리가 그 기억을 돌아보며 한번쯤 다시 미소짖고 웃을수있는 나만의 전시회를 연게 아닐까요? 이노래들을 들으면서 행복했던기억들을 읊어보며 난 행복한사람이구나 적어도 행복한적이 있었던 사람이구나 생각해봐요 행복은 어려운게 아니라는 생각이 드실거에요 이 영상에 이 댓글은 어디가지않을거에요 여러분들의 행복한기억들도 절대로 어디가지 않는 답니다 우리모두 한번 웃으면서 이댓글을 지나쳐보아요 행복하다 생각이 들거에요
가끔 내가 너무 한심하다. 하는것도 없는데 힘들다고 눈물흘린다니 근데 어쩌냐 세상에 있는것들이 모두 나한테 슬픔으로 돌아오는데.
어른은 누가 만들어주는 게 아니라는 걸 몰랐네요이럴줄 알았으면 어릴 때 힘든 거 있으면 참고 살지말걸이젠 나이 먹어서 그럴수도 없네
진짜 첫시험 못봤다고 이런 소리까지 들어야 되는걸까..? 난 열심히 했는데 안되는걸 어떡하라고.. 진짜 지치고 너무 힘들다 시험이 인생에 전부도 아닌데 왜 이런 소리를 들으면서 까지 해야되는지 난 항상 긍정적이였는데 이번에는 그러지 못하겠다.. 아무나 좋으니까 기대고 싶어... 너무 우울해.. 이런 내 인생이 두러워.. 나도 공부 잘하고 싶고 자랑스러운 아들로 남고 싶지만 그러지 못할까봐 두렵고 무서워 근데 왜 내맘도 몰라주고 다그치기만해..? 나도 더 이상 지쳐서 어떻게 해야 될지 모르겠어 너무 힘들어 그리고 미안해요 이정도 밖에 안되서
시련은 있어도 실패는 없다. 잘 견뎌보자. 할수있어. 너 약한아이 아니야. 힘내자.
12:45 역시ㅜㅜ제일 마니 듣던 노래였는데ㅜㅜ
밤하늘의 별은 어두워야 빛난다! 조금만 더 힘내자 섭아!
짝사랑 너무 힘들다 ㅠㅠㅠ 서로 같은 맘인 것 같아서 설레이면서 하루를 보내다가 다를수도 있다는 작은 신호가 보이면 무너진다 ㅠㅠ
진짜 다 싫다 전부..아무도 알아주질 않는데 뭐하러 이리 아둥바둥 살아가는걸까 너무 지친다 전부 놓아버리고싶다 진짜 너무너무 힘들다....ㅠㅠ
"백신 1차 맞고 건강했던 몸이 조금씩 망가져 가고있는 와중에 실기준비 한다고 힘내고 있는 나, 이젠 쫌 건강 했으면 ..운동 하고싶다..시험도 얼마 안남았다고ㅜ 젭알"
개좋아
과거는 그립고현재는 힘들고미래는 두렵다
잘보고 있습니다
솔직히 음악 듣고 울지는 정말 몰랐다.진짜 마음속에 응어리 져있던게 터져나온 기분이어서후련하면서도 슬픔진짜 좋아하던 애랑 헤어진지 얼마 안됐는데 아직도 걔를 좋아하고 있어서 보내주긴 싫은데나를 볼 때 마다 니가 무시하는 행동에 정말 서운했어 너한테 잘못한게 많다는 걸 아는데 용서를 구할 방법도 딱히 없는 것 같아서 답답하기만하다. 나랑 사귀어 줘서 고마웠고 미안했다...그리고 너 엄청 예쁘니까 외모에 자신감좀 가져
"고1인데ㅜㅜ 학교생활 갓생살려던 중에 코로나확진되서 다시 무기력해져서 힘들어요ㅠㅠ 전 옆에 밖에서 해야 되는데ㅠㅠ 힘드네요ㅠㅠ 목도 따갑고 잔기침하고 ㅠㅠ 이글을 읽는 모든 분들 힘들지만 우리 각자에 맞춰 힘내보아요!!! 스스로에게 경쟁해야 되는데 저는 1등의식이 강하고 한지라 ㅠㅠ 못 이기면 못 할 것 같으면 그날 하루는 엎어진채로 보내서 걱정이네요ㅠㅠ 그게 참 힘드네요ㅠㅠ 제가 언젠간 저답게 살아갈 수 있는 날이 오길 바래요ㅠㅠ 그래야 지금 하는 걱정의 고리도 끊고 진짜 인간관계,진정한 행복을 맛보게 될 것 이니까요ㅠㅠ 이 글 지금 보셨다면 54321,,  5초 지나고 바로 미소를 지어보세요! 분명 자그만한 일이라도 좋은 일이 억지로라도 생겨요ㅎㅎ 힘내보아요!"
별로 살지도 않았는데 인생이 너무 버라이어티하네... 짧은 인생동안 다양한 아픔을 겪어서 힘들다.. 그래도 살아야지 앞으로 많이 남은 인생의 행복을 위해서... 마음에 있는 슬픔을 다 쏟아붓고 싶은데 그럴 곳이 없어서 여기서라도 풀고 갑니다
연애는 세상에서 가장 사랑받는 행복한 느낌과 세상에 남은건 나 혼자라는 가장 절망스런 기분을 다 느끼게 한다
구독박고감 너무좋아
진짜..잠자고 싶다..
학폭으로 인해서 전교1등도 하고 누구보다 열심히 살았던 제가 우울증과 불안장애가 심하게 와서 어려번 자살시도도 하고 제가 완전히 무너졌어요 저를 잃은 기분이에요 다시 일어나려고 하지만 주위반응과 말 행동으로 인해 상처가 더 깊어져서 일어날수있을지 모르겠어요 근데 음악을 들으면 왜 편안해질까요 다시 일어설수있을까요? 너무 힘들어요 매일 울어요 아무데도 안나가고요 너무 힘들어요..
"제 노력을 아무도 알아주지 않고 있어서 정말 다 놓아버리고 싶은데이 일은 제가 평생을 바쳐온 일이라서 놓지 못하겠고계속 꾸역꾸역 해나가고 있어요 사람들의 관심들도 제게는 중요하고 제가 일을 계속 이어나갈 수 있게 해주는 원동력 중 하나인데 아무것도 없이 저 혼자만 남아있으니견딜 수 없이 고통스럽고 외로워요아무것도 없으니 제가 실력이 부족한게 아닐까 같은 부정적인 생각도들고 점점 의욕도 없어지고 누워있고만 싶어요제가 그렇게 못하고 있나요? 저 충분히 잘하잖아요아무나라도 실력이 늘고있다고, 잘하고 있다고 내게말해주면 안되는 건가요? 저는 왜 계속 이렇게 혼자만 있어야하나요?악플보단 무관심이 더 상처고 아파요아무도 내게 어떤 말을 해주지 않으니 점점 이어가기 힘들어져요나 혼자 달리고 있다는 생각이 자꾸 저를 외롭게 해요가뜩이나 제 주변에는 저랑 같은 일을 하는 친구도 없어서안그래도 슬펐는데, 어째서 이렇게 제가 일을 놓아버리는 걸 부추기시나요이 외로움은 대체 언제까지 지속될까요"
D-100 수험생분들 재수생분들 화이팅합시다
당신은 이 댓글을 본 순간 행복행복 바이러스가 설치됩니다. 이에 대한 제약은 다른 무엇도 아닌 바람입니다. 바라고 또 바란다면 당신이 걱정하고 있는 현재의 바램들에 높이높이 닿아 마침내 같은 눈높이에 서있을겁니다.과거에 낮은 위치에 있는 흑백의 자신은 조금씩 잊혀집니다 한낱 꿈처럼
고등학교 입학하고 아직 중3에서 헤어나오지  못하고있는데 위로받고 가요... ㅜ
다가올 날을 핑계로 네게 행복한 현재를 포기하라고 할 사람은 없어.
넘어져도 괜찮아요. 당신 옆에는 일으켜줄 사람과 치료해줄 사람들이 있으니까요.
달이 하늘에 없는 때는 다른 곳으로 간거래.. 나보다 더 외롭고 더 힘든 사람 한테 가서 너는 혼자가 아니라고를 말해주러 간거래..
너무 보고싶은데 사람들은 그걸 이해못하고 나도 가끔은 그런 내가 이해가 안 가고 현타와 하지만 넌 날 행복하게 해주는 유일한 사람이였는데 가면갈수록 현실을 자각하게 되고 넌 결국 우리 곁에 있지못하는 사람이 되었지 잊고 싶어서 웃는 모습이 이뻐 못 잊겠고 미워하고 싶어도 착해서 못 미워하겠는데 어쩌지 너무 보고싶고 더 사랑해주지못해 너무 미안하다 그립다 안 그래도 사람들 눈치보는 내 성격이 더 눈치보게 되었지만 당신을 원망하지않아요 당신은 날 잠시나마 행복하게 해줬잖아요 어쩌면 잠시도 아닌 하루종일 당신이 생각이 나서 행복했어요 너무 이뻤고 사랑스러웠거든요 지금은 한 달째 울고 당신 걱정이 너무 되서 하루종일 우울했어요 집에 와서 당신이 만든 노래와 당신의 목소리를 들어요 힐링 되거든요 사랑해요 보고싶어요 그리고 미안해요 사람들은 날 이해못한대요.. 그립다
억지로 삼켜버렸던 스트레스가 술만 마시면 눈물로 올라오네요
이제는 다 잊고 좋은 추억으로만 남겨두고 기말고사에 집중해야겠다. 아직도 보고 싶지만.. 많이 많이 고마웠어 잊지 못 할거야 사랑했다!
외롭다고 느껴질때 어떻게 해야하나요
다들 화이팅입니다
나만 멈춰 있는 느낌이야 앞으로 어떻게든 나가려 애쓰는데 앞으로 나가긴 커녕 점점 빨려들어 가는 것 같아 내가 아프기 전처럼 움직였으면 좋겠는데 침대에서 한발짝 때는 것 조차 어려워 우울증이 이런건가봐 벌써 2년째인데 언제쯤 일어날수 있을까 너무 힘들다
이런 세상 누가 좀 비꿔줬으면 좋겠다
병원 가기 3일 남았습니다 제가 척추측만증을 가지고 있어서 중 1때부터 계속 보조기를 착용하고 운동을 했습니다(보조기란 딱딱하게 저의 허리에 맞게 제작되서 엄청 쪼이고 답답하지만 매일 18시간 이상 차야하는 의료용 갑옷?.. 같은거 입니다)그 2년 동안 엄마랑 병원을 다니면서 울고 나오고 웃고 나오고 집에서 운동 하기싫다고 보조기 차기 싫어서 엄마한테 투정부리고 부모님과 그걸로 싸우고 부모님 속이고 보조기 안차고 친구들 만나러 갔는데 들켜서 혼나고 많은 일이 있었습니다 지금 보면 추억이네요 이제 3일 뒤에 병원을 가면 성장기가 끝나 보조기 착용을 점점 줄인다고 들었습니다 근데 이번에 병원을 가서 결과가 안좋으면 수술을 해야 할수도 있다고도 들었습니다 만약에 결과가 안좋으면 부모님과 제가 노력했던 2년이 너무 물거품 될것 같아서 너무 불안합니다 그냥 불안해 미칠것 같아요 이번엔 수술이 눈앞에 있어서 더 불안한것 같아요 근데 뭐라 탓할 사람도 없어요 제가 노력 안하고 제가 잘못한거니깐..그래서 더 불안한것 같아요 그냥 다 제 잘못같아서 다 제가 잘못한것 같아서 너무 무서워요 그래도 꼭 좋은 결과 받고 제가 보조기 때문에 못 입었던 예쁜 옷도 많이 사고 편하게 자고싶네요 꼭 좋은 결과 받아올게요 그리고 좋은 플리 감사해여 긴글 읽어주셔서 감사합니다
4번째 노래 뭐야.. 숙제하는데 갑자기 뭉클해짐
"그래, 그때 그시절 너와의 추억을 떠올려봤어연락은 안할꺼야. 이 추억은 내 가슴 저 깊숙한 곳에 담아두고 내가 꺼내고 싶은날 하나씩 꺼내서 추억할게."
알고리즘 떠서 왔는데 댓글창 왜케 슬프냐..다들 힘내 
힘들다 하루하루가 그치만 열심히 버텨내면 나도 좋은 날이 오겠지
"모든게 내가 원하는대로 흘러가지는 않는다 그러니까 너무 속상해하지 말고 자책하지 마라다음에 잘하면 된다 흔들리지 않으며 피는 꽃이 어디 있으랴나쁜 일이 온다면 분명 좋은 일 또한 찾아올 것이다그리고 최선을 다했다면 그 결실은 곧 활짝 피게 될 것이다마치 눈 오는 날의 매화처럼.1달 전에 썼던 글인데 아직까치 꽃은 흔들리는 중인가보다조금만 더, 조금만 더 해보자.. 버텨보자 포기하지 않는 사람에게 진정한 한계는 없다"
내가 헤어지고 잘때마다 듣고 자는 노래
그냥 이런 감정 느껴보고싶어서그냥 이런거라도 하면 나아질까 괜찮아 질까 많이 힘든지도 모르고 달려왔을때 난 나와 많이 멀어졌더라
"이거 들으니까 생각난다 누가 했던말과거로 돌아가서 아빠에게 왜 그랬냐고, 꼭 그랬어야 됬냐고."
'삶'이라는것을 포기하고 싶지만 해보고 싶은게 많고 해보고 싶은걸 하기 위해서 노력 하면 힘들어서 포기하고 싶다
힘들만큼 힘들었잖아 이제 행복할 때도 됐지
8년만 기달려 꼭 대한민국 소방관 될께
죽고싶은 사람들에게 죽지말고 견뎌보라고 하지마세요 죽으려는데 이유는 다있어요 그냥 위로를 해주세요 죽지말고 살아봐라 훈계인듯한 조언은 오히려 주변사람들과 단절하게 만들어요
"부모님께 물려받은 것이, 배운 것이 하나도 없는 줄 알고 살았는데 결혼해서 아이를 낳아보니 유일하게 물려받은 것이 있더군요 안타깝게도 그건 물리적,언어적폭력성이더라구요.. 뼈와 살을 깍는 고통으로 아이들에게 폭력을 쓰지않고 질책하지 않고 사랑으로 그리고 대화로 해결하려고 노력 또 노력합니다 그치만 한번씩 엉덩이를 때린 날은 정말 너무 슬프고 자괴감에 살아가기가 어렵네요.. 나의 인생의 전부 사랑스러운 우리 아이들에게 아픈기억이 남지않도록 부드럽고 순수한 아이마음에 저와 같은 상처를 심어주지 않도록... 제발 신이시여 제가 어릴적 아픈 기억과 보고자란 폭력성에 물들지않고 훌훌 벗어나도록 잊어버리도록 해주십시요 간절히 기도합니다.."
듣자마자 눈물 터트리기
reasons to stay이거 힘들때 들으면 눈물 폭포수
"여러분~ 세상에는 슬퍼지고, 힘들어지고 싶어하는 사람은 없어요. 여기 댓글 단 분들이 다 행복했으면 좋겠고, 우리 매일 자기자신한테 이렇게 물어보아요. '오늘하루는 어땠어? 고생했어. 그리고 고마워.'"
하루하루가 참.. 심신이 지쳐서 왔어요당신들도 비슷한 이유로 오셨겠지요~~당신들을 위해 기도할게요
초등학생:힘들어... ??: 중학교때는 더 힘들어중학생: 힘들어...??: 고등학교때는 더 힘들어고등학생: 힘들어....??:어른되면 더 힘들어 이겨내야지 사회생활 어떻게 하려고 이것보다 더 힘든일 많아??:많이 힘들어?어른:아니 이제는 이게 더 익숙해
나를 똑같이 복제한 인간과 대화하고 싶다. 내 고민과 힘듦을 털어놓으면 듣는 사람도 지쳐 떨어져나가고 혼자 이겨내자니 너무 힘들고..안 좋은 생각으로 머리가 가득찼어. 그나마 잔잔한 노래를 들으며 댓글을 남기면 조금은 괜찮아지겠지
좋다
"가끔씩 나는 뭐하는 녀석일까? 내 미래는 뭘까? 내가 좋아하는 음식, 옷, 게임, 과목... 내가 좋아하는건 뭘까?내가 사랑하는건? 내 장점은? 수많은 물음표가 머리속을 가득 가득.. 채워버리는 날이 있는데그럴때마다 답답하고 미쳐버려 이렇게.. 수많은 노래를 찾는데오늘은 선곡부터 ㅎ감사합니다. 오늘 잘.. 잘수있을것 같아요 ㅎ"
자기혐오가 극에 달하고 노력해도 변하지 않는 이 현실이 너무 화나네요. 그냥 가만있는것조차 너무 힘들고 그러네요.. 세상이 좀 쉬운거면 좋으련만.
다시 태어나서 다시 시작하고 싶다
사는 게 힘들어서.. 내일도 힘을 내야지만 살아갈 수 있는 게 부담된다...
괜찮아 이 세상엔 날 증오하는 사람보다 나를 아끼고 사랑하는 사람이 더 많을거야...나를 부러워하는 사람도 있을거야   내가 나만 사랑한다면 이리 힘들지 않을텐데 날 사랑할줄도 모르니까 세상이 다 어두워보여
다 내탓같고.. 슬프고.. 울고싶고..누군가에게 말 해봤자 도움 안되니..살면서 이렇게 많이 울어본적처음이야..공감해줄 사람도..없고...
"군생활 도중 특정한 괴롭힘도 부조리도 없지만… 왜인지 모르게 요즘 몸에 힘도없고 의지도 약해지네요, 오늘 하루도 여러 작업을 나가고 저녁 직감을 끝내고 오니 10시네요잘하고 싶어요, 열심히 하고 있고 진짜 하루가 기네요…. 왜 또 눈은 촉촉해지는지"
"우리는 수 많은 선 위에 아슬아슬 줄타기 중이지만, 그래도 사랑하는 사람들과 맛있는 저녁을 먹고 함께 영화와 드라마를 보면서 이정도면 오늘 하루 알찼다. 라고 생각할 수 있는 시간들이 있기에, 그 하루를 잘 끝 마친 나에게 수고했다라고 말해주는 사람이었으면 좋겠어요. 우리 모두 적당한 행복을 위해서."
미안해 엄마. 나 그동안 함든거 엄마한테 말 안하고 참고 견디고 버텼어. 그런데 나 앞으로도 말 안할거야. 내가 힘든걸 알면 엄마는 나보다 더 힘들거니까 난 내가 함든거보다 엄마가 힘든게 더 싫거든. 언제나 밝게 엄마한테 인사할게. 그러니까 엄마는 앞으로 안힘들었으면 좋겠어.
힘들지도 않고 우울하지도 않은데 노래들이 너무 좋자너.. 제목 바꿔줘!!
나만 없었으면 모두가 행복했을텐데나만 없었으면 아프지않아도됐을텐데나만 없었으면 동생들이 보다 좀 더 가지고싶은거 가지면서 살수있었을텐데나만없었으면... 내가 몸이 너무 약해서 내가 너무 못나서 내가 할수있는게 없어서
사람들은 약해서가 아니라 너무 오랫동안 강해서 운다.
"너무 많이 바라던 것들이 어두운 잠에서 그만 일어나라고 깨워주러 곧 올거야, 계절이 지나듯 바뀔거야.너와 난 살고 싶은 인생은 살거야, 그러니까 괜찮아.시간이 흘러 언젠간 '그랬었지' 할 너와 나에게-"
행복해져요. 우리.
태어나지 않았더라면 더 행복하지 않았을까
면접에서 계속 떨어질때마다 남들 다 하는 취업 나만 못할거 같은 그런 우울하고 조급한 기분이 드는 요즘이네요...이 울적한 기분좀 그만 느끼고 싶어요
나 꼭 성공해서 다시 돌아갈게 그 때까지 건강해 할머니 할아버지
전썸남이 추천해줬던 영상인데..울컥하다..
반복되는 일상과… 남편과도 반복되는 일들에 지치고 대화할 기운조차 안나네요 …. ㅠ
아진짜 다 좋은거 실화? 다 저장각
고난을 잘 헤쳐나가면 그 끝엔 성공이 나를 기다리고 있을까..? 극복할 것 같았던 우울증이 다시 심해진거같다.. 너무 지쳐버렸다... 여전히 나는 '나도 힘들어요'라고 말하지 못했다...
"진짜 너무 죽고싶을때 인생친구 한명이라도 위로해줬으면 좋겠다. 여러명이 아니더라도, 한명이라도, 인생친구하면 떠오르는 사람이 있다면 성공한 인생이다."
다필요 없고 한번만 먹으면 고통 없이 죽는 물약이 있었으면 좋겠다.
다들 힘들구나. 나만 힘든게 아니였어.
시간이 간다 강물에 물이 흐르듯 잔잔하지만 매섭게 지나간다붓잡을 수도 막을 수도 없다.그저 멍하다 정신을 차리니 나뭇잎은 재가되었다.뭘했나? 살았다 그저 살아왔다 1년을 나는 그냥 살았다 죽고싶은 날에도 살았고 기쁜날에도 그저 살았지.얻은게 있나?몰라 그치만 살아있으니더 나은 삶 어제보다 오늘보다 나은 삶작게 낮게 매섭게 행복으로 성큼 다가가야지나는 아직 살아있다 그러니 살아가겠다.
나만 참으면 우리가족은 행복해질거야
근데 진짜 소름인게 이거 첫번째 노래 시작했을때가 12시 45분 이였음..
중2 첫 중간고사 잘 보길 아멘.
여기 있는 노래중에 모르는 노래가 2개밖에 없으면 나는 힘든건가…?
"나이 50. 돌아보면 아무것도 해놓은거 없고, 남은거라곤 우울증뿐,이겨내야지 하면서도 너무 이겨내기 힘드네."
지금까지라고 생각한다면 '시간 참 빨리가네'라고생각이 됩니다 하지만지금부터라고 생각하면'시간이 왜이렇게 늦게가지?'라고 생각이 됩니다
힘든대도 힘들다고 못말하겠고 웃고있으니 웃고싶지 않터라....... 난 점점 나라는 존재 자채가 싫어져... 난 왜 살아야 될지도 모르겠고 죽고싶다.. 밖으론 웃고있어도 사람들은 내가 잘 웃는 사람인것 같더라 ㅎ 난 내 친한친구에게라도 기대고 싶고 날 잘 믿어주는 친구까지 날 버릴 까봐 무섭고... 몸도 마음도 이미 망가졌는데.. ㅎ 그래 내가 바랄게 뭐가있어.. 친구에게 배신당하고 쌤한테 이유없이 맞고 또.. 목사님한테 성추행 까지 당했는데... 괜찮은척 하려는데 마음은 이미 망가져있고 기억들은 계속 남아있고 사과도 못받고 내가 가족들은 애교많은 막내만 사랑하고 예뻐하고... 내가 기댈수 있는 곳은 내 유알한 단짝이더라. 난 그 친구가 죽으면 나도 죽을거야 난 그 친구를 위해서라면 목숨도 받일수 있어 내가 표현이 서툴러서 그렇지 그 친구가 없으면....
하...녹차호떡...당신 혼혈 아니야? 천국이랑 한국
행복해서 웃은 지가 언젠지 모르겠다 예능이나 코미디 보고 웃는게 아닌 진짜 행복해서 웃은게.. 아 이젠 웃는 방법도 까먹었으려나
솔로일때가좋앗어.  모든걸받쳐 사랑해도 그사람의 마음을 돌리지못한다는걸 깨닫는일은 너무힘든일이야.왜이런 시련을 주는거야.
솔직히 이런걸로 우울해야하는건지 모르겠는데 털어놓을사람도 없고 너무 답답해서...우리반에 커플이 두쌍이생겼는데 원래는 말로만 커플 짜증난다 외롭다 그랬는데 그 외로움이 이렇게 힘든건지 몰랐다 그 커플들이 손잡고 안고 애정행각하는거 보고 진짜 너무 외롭더라 짜증나고... 어떻게보면 내가 커플에 대해 열등감에 찌든걸수도있는데 나 너무 외로워 무기력하고 공허하고 곧 졸업이라 그냥 갑자기 우울해지는 날들도 많고 그냥 순진한 그때로 돌아가고싶다 오늘 아무것도 하기 싫고 무기력했는데 참고 공부도하고 친구들이랑 게임도 하고 안 우울한척 안 외로운척 했는데 내가 이걸로 우울하고 외로워해도 되는걸까? 저 그래도 돼요? 저 잘 하고있는건가요?
정말 가슴설레이며 준비했던것의 결과가 오늘 최종불합격이라는 단어로 맞이했어요. 하늘이 무너지는 느낌이네요. 주변사람들한테는 괜찮은척했지만 사실은 많이 무서워요. 길을 잃은 것 같거든요..
나 짜증내면서 막 울었는데 편안해짐..
어른이 되면 좀더 세상이 좋아지겠지...했는데.............아니구나.......... 이땅의 젊은이들과  자라나는 아이들에게 너무나도 죄송합니다............. 좀더 나은세상을 보여주지 못해 죄송합니다........
앜!!!!!!!!!!! 낮 4시 30분인데 새벽 4시 30분의 감성이 되어 버렸어요
항상 지쳐도 나 혼자 좌절하고 나 혼자 울고 아무도 안 알아주고..  난 무슨 잘못은 한걸까?
작년에는 정말 열심히 했는데... 포기하지 않고 못해도 할려는 의지 만큼은 있었는데..이젠 그런 의지 조차 없네 다시 일어서고 싶어도 방법을 모르겠고 내 자신이 너무 한심해 보이고 이젠 모르겠다 어쩌다 이렇게 됐지....
그 사람의 존재가 당연해지고 이별에대한 생각이 점점 무뎌져갈때쯤 서로의사이는 점점갈라지는걸지도 몰라
나지금 너무힘들어 뭐해야할지도 모르겠어아무생각이 없어 뭘해야할지 모르겠어계속 학원에도 빠지고 애들이랑 놀때도 항상 돈쓰고돈은 없어지고 내가 사고싶은것도 살수없어서 돈의가치가 중요하다는것도 지금 깨닫고 뭐때문에 힘든지도 모르겠고 하는거 마다 귀찮고 지치고 의욕도 없어져 몸에는 힘도없고 감기에도 걸리고랩할수있는 친구들이 생겼지만 아이폰 잰더가 고장나서 마이크를 쓸수도 없고 공부를하지도 않고음악하고 싶어서 꿈도 예고에 가겠다고 했지만 랩 전공 학과가 있는 학교가 2군데 뿐이없고 그 두학교가 너무멀어 그리고 내가 음악으로 성공할수있을지도 모르겠고 망하면 다른 재능도 없는데 뭘해야 할지도 모르겠어. 몰라 그냥 항상 힘없고 공허 하고 아무것도 하기싫고 귀찮고 짜증도 나고 학원에 가기도 싫고심하면 죽고 싶은 마음 까지도 들어 내가 지금 왜 마음이 불안정한지도 모르겠어 너무 힘들어....
사람들이 나보고 걱정이 많은 아이래요.그런 말을 들으면 이렇게 하면 또 누가 날 그렇게 생각할까봐 그 걱정에 또 조심스러워져요. 나도 걱정이 많은 내가 싫은데. 나도 걱정 그만하고싶은데. 그게 안되네요. 노력하고 싶은데 어찌 해야할지 또 걱정이네요.
친한 친구들과 떨어져 다른 동네로 오게 됐지만 힘내자 이때까지 잘 참아 왔잖아…..
항상 옆에 있던 사람이 갑자기 없어지니까 너무 힘들다
우리 한번 사는인생 왜이리 남들 눈치봐요왜 붙잡고 싶은데 붙잡지도 못하게 해요솔직한 감정 표현하고 싶은데 그누가 막나요내자신을 사랑할 틈을 안 주는 이세상은 뭔가요그냥 한번 사는 세상 날 다시태어나도 잘 태어났구나 기특하다 라며 후회없이 사는 인생으로 살아요.사람이다 보니 실수 당연히 하고 반복도 해요 근데 후회는 하되 자기원망은 하지말고 따뜻하게 보듬아 주세요남들 눈치보지말고 하고싶은대로 해요너무 특별하잖아 우리는 그 값어치를 알아주는 사람이 다가올거에요 조금만 참아요 우리
"오늘 인생 처음으로 가출, 그리고 죽고 싶어졌었다...학교에서 장난이 큰 일로 벌어져서 선생님한테도 혼나고 생기부에도 적혀질까..매우 두렵다죽고는 싶은데 또 살고 싶어지고...이 노래 들으면서 마음을 꾹 참아볼게요~...~"
나 지치고 우울한 새벽인거 어떻게 알고 여기로?
너네들이 제일 소중해 잘 살아줘
힘들때마다 찾아와도 되죠? 대체 공부가 뭐라고 이렇게 힘들까요 그냥 아무 걱정없이 맘껏 울고 싶네요 ..ㅋㅋㅋ 이젠 울고 싶어도 대학이랑 취업 문제 때문에 눈물이 안나오네요 .. 저만 힘든것도 아닌데 ..어린이처럼 떼쓰고 있는 제가 싫어져요 .. 자살도 생각해 봤는데 자살을 무서워서 못하는 제가 너무 싫더군요 .. 맘껏 울게 해줘서 고마워요  03.14 일 ::ㅋㅋㅋㅋ 저 또 왔어요 ..>< 너무너무 힘든데 저보다 힘드신 분도 있으니까 이렇게 살고 있네요 ..
우울한걸 떠나서 나 너무 힘들어..제발…제발 나 좀 도와줘
행복합시다
이제 내가 무슨 기분인지 내가 우울해도 우울한건지 내가 우울해도 되는건지..뭘 해야하는지 다 모르겠다..
저번에 아빠랑 크게 싸운 이후로 아빠랑 더 친해지려고 제가 성격이 많이 무뚝뚝한 편이라 애정표현은 힘들지만 말도 많이 걸고 아빠와 진로상담도 하고 맛있는거 사와서 같이 먹는 거 등의 노력을 했는데 어쩌다 오늘 부모님이랑 크게 싸우게 됐을 때 아빠가 닌 맨날 방에만 틀어박혀서 핸드폰만 하잖아! 나를 아빠로 생각하긴 해? 라고 말하자마자 눈물이 팍 났어요 내가 노력한건 못알아봐주고 저렇게 맣하는게 너무 억울했어요 앞으로는 그냥 노력따윈 안하려고요 지금 방에 틀어박혀서 울고있는데 아빠가 뒤에서 욕하는게 들려요 슬퍼요
"매일매일이 달고 행복하면 그게 인생일까요. 원래 인생은 쓰고 시리게 가는 와중에 일상에서 마주하는 소소한 행복과 작은 웃음거리들로 버텨가며 큰 거 한방씩 터뜨리는 맛에 사는 거죠. 시간이 해결해 준다는 말, 다는 아니지만 거의 맞는 말이더라구요. 과정은 돌아보면 결국은 과정일 뿐이에요, 커다란 결실이 여기 오신 모든 분들께 맺어지길..."
내 맘데로 안 되는 인생ㅜㅜ
차라리 몰랐었다면....이렇게 될줄알았었다면....다가가지 말았었다면....지금 보다 행복했으면.....
"시험이 얼마 남지 않았음에도 불구하고 나니까 할 수 있다고 믿어왔는데, 모든 게 다 깨져버렸어요. 이때까지 멘탈 한 번 깨지지 않고 잘 버텨왔는데 단 한순간에 이렇게 ㅎ.. 내가 한 모든 말에 화내는 엄마나 무관심한 아빠나 항상 사랑받는 동생이나 그냥 다 지쳐버렸어요. 자살이라는 생각만 수백번, 아니 수천번은 했는데 진짜로 당장이라도 뛰어내리고 싶은데, 지금까지 버티게 만들어준 친구들 얼굴이 자꾸만 생각나서 너무 서럽네요. 오갈 데 없이 울고 있는 날 옆에서 위로해주고 안아준 친구들이 없었더라면 아직까지 살아있을 수 있을까요... 오늘은 특히나 너무나도 서럽고 속이 다 검게 변하다 못해 타버린 것 같아서 처음으로 댓글 남겨봐요. 익명으로 위로받으면 그렇게 기쁜 게 없다고 들은 것 같아서...!  여러분은 항상 행복하세요 :) 건강하시구요!!!"
"그냥 열심히 달려왔다 생각했는데,..나이만 먹어가고,이상보단 현실인데그만큼 앞만보고 살고 있지않나 싶다..짧은 하루인데,빨리 지나치고 싶은세상이면서도,나이먹는건 반대로 두렵다.."
39:05:00
자이언티-바람도 좋은데 사람들이 잘몰라서 아쉽네요ㅠ
그냥 공부를 계속 하다가 현타가 너무 와서 하기도 싫어서 지금 듣는중인데 진짜  공부가 갑자기 너무 하기싫다
이거듣고 브론즈3에서 골드2까지 올렸습니다. 진짜 개~우울해서 앰생 롤대남처럼 살았는데 결과는 있네요
그냥 위로 받고 싶다 그냥 한마디만
"이러면 안되는데 저는 친구 잘된것을 질투나 하고 혼자서 생각이 많아지고.. 막상 그런 생각때문에 정작 주변 사람들을 보지 못하고 이런 제가 싫어지더라구요요즘 생각들이 많아지고 생각을 하면 할수록 제가 느낀 감정들이 아무곳에도 쓰이지 않을것은 않좋은 감정들이고 그 사람들에게 미안하고 또 미안해지더라구요,, 정말 좋은 친구들 인데,,"
내 실수로 인해서 모든게 망쳐진 이 상황에서 벗어나고싶다.. 견디면 괜찮아질지몰라도 이젠 그냥 다 놓고 사라져버렸으면....
죽고 싶어도 죽지 마요...지금까지의 고생이 아까워지잖아요
지금 눈을 감으면 다시 깨어나지 않았으면 좋겠어 아무도 모르게 고통없이 사라지고 싶어 나 지금 너무 위태로워 윤아야 너무 보고싶다
미친듯이 힘들어서 죽고자 하는 그 마음으로 미친듯이 열심히 살아 부끄럽지 않게 제발..
항상 1년에 1번씩 뒷담까이고 손절하면서 친구 잘 사귀고 싶다고 생각하며 살아왔는데 ㉯ 진짜 친구 보는 눈이 없나봐.. 1년 ㅂㄴ동안 찬했던 친구들이 반년동안 내 친구들한테 ㉯ 까고다녔던거 생각하면 눈물 날거같아 손절 친지 3일짼데 어제 갑자기 미안하다며 페메온거 내 친구가 보고 흔들리지말라고하더라 거청하게 까고다녔더면서 진짜 걔네와 다니며 내 자존감은 바닥을 쳤고 지금이 더 행복한거같아 ㉯ 좋아해주는 친구들 만나는거 처음엔 두려운데 지금은 진짜 행복해. 나한테뒷담까고다니는거 말하기까지 일주일동안이㉯ 고민하고 말했다며 내가 우니까 같이 울어주는데 진짜 얘네가 진짜 친구구㉯ 싶었어 11명이서 다니다 7명 4명으로 갈렸는데 진짜 지금이 훨씬 행복하고 날 좋아해주니까 자존감도 올라가는거같아 뭐라고 쓰는지 나도 모르겠는데 그냥 ㉯ 자신을 아껴주는 친구 사겨
누군가는 괴롭히는게 재미있겠지만 그걸 당하는 피해자는 괴로운데 괴롭히는 가해자들은 피해자의 기분을 알까요...
이 답답해서 터질 것 같은 '마음' 을 누가 꺼내줬으면
행복해지고싶다.. 행복해지는법을 까먹었다...하..
인생은 상처받고 상처주고 무한반복인듯..
"과거는 그립고현재는 괴롭고미래는 두렵다"
잘했고 잘하고 있고잘 될 것이다
중학교 때부터 친했던 친구와 올해 첫 같은 반이 됐는데 학기 초부터 사소한 일로 다투다가 이제는 전처럼 돌아갈 수 없는 관계가 됐어요 그 친구는 소심한 저와 다르게 활발하고 친화력이 좋은 친구라 저 없이도 잘 지내는데 왠지 모르지만 이 관계가 너무 힘들어요 싸우고 나니 그 친구의 성격이 뭔지 알게 돼서 절대로 다시 친해지고 싶지 않습니다 하지만 같은 반이라서 항상 마주치고 전 우울증에 공황장애에 불안장애에 교우 관계 때문에 자퇴까지 생각해본 적 있는데 그냥 미치겠어요 하는 말 한 마디들이 남들한테 피해줄 것 같고 정신과에서 상황 설명 하는 것도 지겹고 반에서 아무렇지 않게 혼자 있는 것도 너무 서럽고 외롭고 설령 다른 친구들이랑 같이 다닌다 해도 갑자기 같이 다녀서 날 나쁘게 보면 어떡하지 같은 오만생각이 다 들어요 진짜 하루하루가 너무 힘들고 남들한테 피해만 주는 인생일 빠엔 그만 살고 싶어요 털어놀 곳도 없고 계속 맘 고생하는 게 너무 힘들어서 여기에 끄적여봐요
지치고 우울때 편하게 해준다고요!!!!?? 근무시간에 펑펑 울었어요 ㅠㅠ 뭔일 생긴지 알고 난리남 ㅠㅠ
태어난 순간 난 이미 알고 있었어 '이번 생은 좀 많이 고생할거같아'알고 있었는데 왜 이렇게 힘들지.. 길이 두갈래 있길래 고르려 했는데 둘 다 끝이 낭떠러지인것만 같아
웃기죠 누가 봐도 힘들지않고 괜찮을것 같은 사람이 술 만 마시면 혼자 힘들고 우울하고 ㅎㅎ 그게 6년째네요 알콜의존증을 넘어 알콩중독인걸 인정해야 하는 나 자신을 무시하고 살아가는 내 모습이
내 인생은 어디로 흘러 가는 걸까...
저도요 세상 살아가면서 힘들고 연애 도 못하는 게  정말 안타깝네요 46살 나이에도 불구하고 한숨만
모두가 괜찮다고 힘내라고 곧 괜찮아진다고 했지만 괜찮아지지 않은지 1년이 다 되어가서 두렵다
감사합니다
"고등학교 와서 첫 중간 가장 많이 준비한 수학 시험이였다. 그래서 그런지 다른 시험을 볼 때보다 훨씬 긴장되고 훨씬 불안했다. 다 아는 문제였는데도 긴장감 때문에 뇌가 하얘졌고 나는 풀 수가 없었다.. 엄마에게 너무 미안했다 나에게 비싼 돈을 들여서 수학 학원비를 내준 것을 알기 때문에,, 시험기간이라는 이유로 딸의 짜증어린 어투를 받아줬던 엄마였기 때문에,, 엄마 미안해 다 아는 문제였는데 왜 나는 70점밖에 되지 않는걸까 이런 딸이여서 정말 미안해 그리고 몇주전에 열심히 노력하던 나에게도 정말 미안해 기말에는 더 잘해보자 이런 미련 남기지 않도록"
저오늘 밤에 ㅈㅅ 할려구요.. 마지막이 되는 날에 이런 좋은 노래를 들을수있었어 정말 감사해요 남들이 보면 관종 또는 지랄 하네 라고 생각 할수도있다는것 알아요 근데 전 기댈 곳이 이젠 없어요 .. 그래서 누구라도 좋으니까 그냥 말하고 싶었어요.. 노래 정말 감사해요 !!
"나를 끊임없이 알아가야 한다는 게 제일 중요하구나. 매일 매일 나에게 질문하고 관찰하는 게 습관이 되어야 하네. 명확한 예스,노,좋다,싫다가 아니여도 그저 그런이란 말도 지금의 나 그대로를 받아들이기."
너 여기 자주오는거 알아 그래서 여기쓰는건데 진짜 보고싶다 공부 열심히해서 꼭 너 꿈 이뤄 나중에 멋진 어른으로 다시 만날 기회가 주어졌음 좋겠어 잘지내
다 나를 싫어하는거 같고 나를 이해해주려 하지않고 상처준다는게 싫다
행복하지 않으면 하지마세요억지로 하면서 삶을 망칠필요없습니다
친구들도 안해주는 위로를 여기서 받고 있네
주변의 기대를 등에 지고 공부하지만 너무 지친다. 매일 아침 눈을 뜨는 게 힘들다. 이런 메마른 삶 속에서 나 자신을 잃을까봐 두렵다. 아이처럼 울기엔 이미 늦은 것 같다. 나는 아무래도 죽을 때까진 이 삶에서 죽지도 못할 것 같다.
나한테 사랑한다고 수고했다고 해줘요.. 그냥그냥 다른 말 말고 고생했어.. 사랑해
좋다 내취향이네
요즘 하루하루가 너무 무섭다순탄해보이지만 언제 무너질지모르는 내정신상태와 몸상태무언가를 할 의욕도 의지도 없어진내가언젠가 이 세상에서 잊혀지는건아닐까자주 그런생각이든다
유튜브에검색햇는데....이게안뜨더라고요전또영상삭제된줄알고너무너무슲퍼서울엇아요..ㅡ한5분사치하니까드디어나오네요저2년째듣고잇엉ㅅ요감사합니다
꿈이 있어야 뭐라도 할거아니야꿈이 없어서 노력도 그만이고 힘도 그민이야 좋아하는거라도 있으면 좋겠다 꿈이 생기는게 꿈이네요 다들 꿈이 있나요
오늘만 울고 내일부터 다시 열심히 살거야
그렇게 날 힘들게 했던 우리 아빠 때문에 내가 자해를 했지만 아빠는 내가 자해하는 걸 들켰을 때 얼마나 마음이 아팠을까.. 항상 내 입장만 생각하고 행동하고 나만 행복해지길 바랬는데. 그랬는데 요즘들어 아빠도 너무 힘들어서 그런 행동을 했다는게 눈에 보이기 시작해. 나 덜 힘들어졌나 봐 이젠 좀 괜찮아졌나봐..ㅎ 아빠의 힘듦도 어린 딸인 내가 감싸 안아주고 싶어 아빠.. 근데 그러기엔 난 아직 너무 어린가 봐. 내 감정도 컨트롤이 잘 안되고 말하는데 아빠가 서운해 하는게 딱 보여서 아차 싶어.ㅠㅠ 내 힘듦을 내가 안고 있는 것 만으로도 너무 벅차. 아빠..아빠의 힘듦을 매번 모른 척 해서 미안해. 그래도 매일 밤마다 나 안아줘서 고마워 아빠가 나랑 먼 사이여서 매일 밤 잘 때마다 안아주지 않았더라면 난 지금 여기 없었을지도 몰라.. 아빠가 매일 밤마다 안아줘서 머리를 쓰담쓰담 해주면서 안아줘서 여기 있을 수 있었어. 꼭 아빠의 자랑스러움이 될게 내가 열심히 공부하고 올바른 어른으로 성장해서 좋은 사람이 돼서 아빠같은 사람이 될게. 잠시나마 우리 멋진 아빠를 미워해서 미안해. 그리고 많이 고마워 아빠 내가 엄청 많이 사랑해 ..ㅎ
평 5등급 영어 원툴 공부 병신도 홍익대 원서넣고 모고 평2까지 올렸습니다 여러분 모두 뭐든 할 수 있어요 힘내고 하루만 더 살아봐요
나 반드시 성공할거야 재수없어질거야 독해질거야 행복할거야 아무도 나 말리지마
불행은 그저 사라질 꿈 같은거다
내가 사랑한 것들 중에 왜 나는 없을까
개조아
죽어서 행복할수있으면 죽어요 근데 죽어도 행복할 자신이 없으면 죽지마요  어쩌피 죽는거 하고싶은건 해봐야죠! 이미 미련이 없더라도 친구 가족을 생각해야죠...뭐 없다면 어쩔수없지만 전 억울해서라도 살라고요!
광고좀 없애고싶다 ㅠㅠ 흐름다깨네
"일을 배우고 있는데이게 맞는건지 틀린건지모르겠다,,여기가 나의길인가요"
아직도 과거에서 빠져나오지 못하는 내가 너무 한심하다
"그냥 사는게 힘들고아무도 내 마음을 보려하는 사람이 없어요..저는 이세상에 없는 존재 인가 봐요…….그냥 한번의 사랑한다,고맙다,잘했다이런 말들을 듣고 싶어요그냥 위로 받고 싶어요하루하루가 두렵고요,고통스러워요그냥 하루 허무하게 끝나는게너무 슬프네요어린 12살이라는 나이에 극단적인 생각 하는거 저뿐만이 아니겠죠?  제 마음을! 이해해 주는 사람이 필요한걸요……저도 살고 싶어요다른 사람들 처럼행복한 하루를 보내고 싶어요꿈이 너무 많죠?그러게요 너무 많네요 사는게 힘들다………"
"사는 이유도 없이 살다가,시험점수를 보고 살고싶어졌다.지금은 한심하지만,난꼭 성공하리라고,지금은 힘들고 죽을꺼같지만,이또한 먼 훗날 추억이 되리라고."
목표를 이루고 싶다 내가 하고 있는 일이 맞는 일이라면 정말 좋겠다 매번 힘들어도 다시 도전하고 그렇게 하기 싫다고 해도 다시 잡는 나는 바보인걸까...
"""다 잘될거야"" 보다 ""좆되면 뭐 어때"" 이게 더 위로됨"
힘내자........................힘내자 진짜
마지막까지 자존심 안세우고 잘해줬는데 이렇게 허무하게 가네
우울해요.... 나도 취업하고 싶다
I miss im sorry도  좋아여이 플리 좋으면 이곡도 좋을듯
매일매일이 사는게 힘들지만 알아주는사람이 하나도 없는걸..... 사는게 의미가 있는건가... 그냥 그런생각이 드네....내가 과연 이세상에 무슨 의미가 있을까 세상이 과연 나를 필요로 할까 ....
이 새벽에 아무도 모르게 나 혼자 숨죽여 우는것도 싫고 내일 눈 부어서 들킬까봐 못 울겠는 겁쟁이 내가 너무 싫다. 하지만 내일은 또 웃어야겠지 행복한척
겉으로웃지만 속마음은힘들고 눈물만나...... 내가좋아하는명언임 :너는술래잡기가왜좋아? 술래잡기할때 나를찾아주는사람이있기때문.....
힘들면 좀 내리세요. 마음 가벼워집니다.
할머니 보고있지? 너무 보고싶어. 꼭 성공해서 합격증 납골당에 붙이러 갈게. 그 많은 시간동안 약속 못지켜서 미안해.. 너무 늦은거 알지만 이제라도 열심히 해볼게
하 오늘 면접보고 왔는데 너무 아쉽네요 진짜 ㅠㅠ 정말 가고싶은 곳이었는데
"정말 힘든데,그걸 몰라줘..난 죽고싶은데,뒷사람이 걱정돼,난 사랑 받고싶은데,날 사랑하는 사람이 없어난 내 첫사랑이 있는데,첫사랑은 다른 여친이 있드라...ㅎ"
"괜찮아.누구나 그래.너만 그런거 아냐.누구나 실수하고 죄를 지어너처럼 모두가 포기하고,낙담하고,사라지고 싶어해. ㅎㅎ 포기해도 되고, 낙담해도 되고, 사라져도되 그리고 다시 일어스고 돌아오면되ㅎ죽으려고 시도해도 되는데 죽진마ㅎ죽지 말고 끈질기게 살아서 네가 있전 자리로 돌아와!네가 있던 자리가 어디냐고?ㅎ누구보다 노력하며 누구보다 살려는 의지가 강하고 누구보다 환한 미소를 짓던 너의 자리로ㅎ지금도 충분히 잘하고있고 잘해왔구앞으로도 잘할거얗 걱정하지마누구나 다시 일어설수 있어!ㅎ응원할게~"
언제쯤 온전한 내 자신 나를 사랑할 수 있을까
오늘도 우리 화이팅!
내가 없으면 내 주변 사람들이 편해질까생각을 곱씹다.. 사람 만나는 게 무서워지고정말 사라져 버리고 싶다... 라는 생각이..왜 이렇게 망가졌지..
화이팅 아자아자 빨리 할머니가 되어서 나른한 인생을 살고싶다
정작 힘들 때 내 이야기는 못하면서 다른 사람 힘든 걸 듣고 위로해 주고 있는 내가 오늘따라 한심해 보여
지푸라기라도 잡고싶은 내마음을 아무도 모르면서 왜 다 못하게 막는걸까 내 심정 아무도 모르면서 이해하는 척 하는게 너무 싫어
미안해 넌 나한테 할수있는걸 다해줬는데 그 간단한걸 하나 못해서 지금 당장 너가 보고싶어
내가 성공하려고 하는 공부가 날 이렇게 망칠줄 알았으면 시작도 안했을텐데 진짜 딱 하루만 살고 죽고 싶다 하루살이처럼
나는 지금 어떤 사람이고 왜 존재하며 어떤운명을 가지고 태어났고 왜 그 운명을 가지게 된것일까.... 앞으로의 나의 미래가 두려움으로 가득찬다..... 지금 나는 누군가의 위로가 필요하다 내가 태어나지 않았다면 내가 이런운명을 가지고 태어나지는 않았을까....? 나는 나의 정체성을 모르고 있고 두려움을 이겨내야만한다 그것이 나의 운명일지도 모른다 그러나 이거 하나만은 확실하다 우리는 같은세계에서 살고있고 누구에게나 미래는 있고 모두는 그 미래를 해쳐나가야만하는 상황이다 누구에게나 힘듦은 있기 마련이고 이 노래가 나를 위로하려한다....
오늘은 내가 나를 위하는 날  아쉽지  사무치고 슬프고  허나 감사하고 고맙네 - 송 민규에게
여기 댓글 조금 읽어봤는데 너무 슬펐어요 서로 고민 얘기해주면서 위로하면서 같이 울면좋겠어요...제가 고민하고 있는게 너무 이상한것같아요 저 정말 저한테만 소중한 친구 였을지는 모르겠지만 지금 그 친구가 잘못을해서 지금 손절을 했는데 걔가 연락 이제 안하겠다했거든요 그런데 왜 이렇게 힘들까요?겨우 1년도 알지 않았는데 매일 연락하고 했던 그런 사이라 그런거겠죠 지금 거의 한달 다 되어가는데 아직도 너무 힘들어요 카톡 올때마다 그친구가 보낸건줄알고 혼자 기대하고 있다가 다른 아이인걸 알고 다시 우울해지고 이게 반복되니 너무 힘드네요 주변에서는 새로운 친구 만들라고 하는데 저 무서워서 만들지도 못하겠어요 다시 이런 경험 할까봐 다시 이런 아이를 만나 힘들까봐...이게 첫 손절이라 그런건가봐요 저 너무 바보 같아요 자꾸 눈물만 나오고 근데 그와중에 그친구는 절 친구로도 생각 안한것같다는 생각에 더 힘들고 솔직히 제가 이렇게 말해도 아무도 대꾸나 반응도 안해줘요 다 그냥 대충 넘기거나 새로운 친구 사귀라 그러고 결국은 이런데 까지 온것같아요 저한테 제 얘기를 진심으로 귀담아 듣는 친구가 언젠가는 오겠죠?그리고 그 친구를 어떻게 잊지 잘모르겠어요.......정말 그친구에게 하고 싶은말이 있었요 저같은 친구 만나줘서 고맙다고 나랑 카톡해줘서 고맙다고 너랑 있던 나날들 행복했다고 너랑 다시 친구하고 싶다고 예전으로 돌아가고싶다고....
♡♡
나도 ‘기댈곳’이란게 필요해
그런거 있잖아요 여태것 쌓아온 친구나 사람들과의 관계가.. 친구들이..사람들이 나를 대하는 태도나 행동들을 볼때 나 혼자만 그들을 진심으로 대해주었고 사실 그들에게 저는 그냥 아무의미없는 별로 중요하지도않은 그런 사람으로 느껴져요 누구에게 화를 낼 수도하 그냥 가슴이 너무 답답해요 힘들어요
차라리 그냥 태어나지 않았다면...이렇게 힘들어하지 않았을텐데
"지금까지 내가 열심히 잘 살아왔다고 생각했는데 힘들때 위로받을 곳도 없고 잘하는 것도 없는 내가잘 살아온게 맞는가 싶고 죽고싶다 생각하다 너무 힘들다고 살려달라고 말하고 싶고맨날 숨어서 우는것도 힘들고 스트레스 안받을려고 간 학원에서 선생님 눈치보느라 스트레스받고답답해서 숨을 못쉬겠고 이런 생각을 하는 내가 너무 혐오스러워요.내가 웃는게 진짜 웃는건지 이제 내가 우울한게 내가 일부로 우울하려고 하는것인지진짜 우울한건지 이젠 내가 싫은걸 넘어서 혐오스러워졌어요.사는게 너무 힘든데 모든걸 포기하고 싶은데 그러지도 못하는게 너무 답답해요.친구 가족 공부 아무 문제도 없는데 이런 내가 한심하고 자신감, 자존감은 낮아질대로 낮아져서그러면 안되는걸 아는데도 자신을 계속 깍아내리게 돼요.어린애가 뭘 그렇게 스트레스를 받냐고 말하는 사람들도 너무 싫고기댈수 있는 사람이 필요한데 그럴 사람도 없는게 너무 슬퍼요.그나마 의지가 되던사람이 떠날까봐 무서워요."
자퇴를 했는데 공부는 둘째 치고 행복해지고 싶어요 아직 17살인데....무엇을 해야 좋을까요..
힘듦을 기회로 잡아보세요
얼마전 갑자기 이별통보를 한 전남친이 알고보니 환승이었어요.. 내일 모레 자격증 시험인데 멘탈 회복이 안되네요..
제가 이제 시험이 4일남았는데 아직 공부를 제대로 하지 않았어요.....항상 점수의 대한 욕심은 있었지만 행동으로 옮기는 것이 어려웠어요...그래서 시험점수도 잘 안나오는 이런 상황이 또 오고말았습니다 제가 욕심이있으면 노력을 해야하는데 하지도 않고 말로만 하고싶다 하고싶다하니 제가 너무 한심하다고 생각이 들었습니다 내가 원래 안되는데 욕심만 너무 부린건아닌지 나는 왜이러는지 왜이렇게 한심하지 제가 제 자신이 너무 미웠습니다 물론 제가 잘못한거지만 그래도 시험 점수가 나오면 왠지모르게 눈물이 계속 나더라고요...제가 슬퍼해도되는지 자격이 되는지 의문이고 너무 혼란스러운데 이노래를 들으니 안정이 되었어요 지금은 늦었지만 정말 정말 다음번에 시험에서는 노력을 해보자는 생각이 들었어요 저를 한번더 믿게 해주셔서 감사합니다^^!
"대치동 사는 한 중딩입니다 중간 큰일났어요ㅠㅠㅠㅜㅜㅠㅠㅠ 2주 남았는데 맨날 새벽 2시까지 스카에 있고,, 너무 힘들어요,, ㅠㅠㅜㅜㅜㅠㅠ"
행복했으면 좋겠다 정말로 미치도록 사랑했어 미치도록 미안해
과거는 그립고현재는 괴롭고미래는 두렵다하지만 별을 보려면 어둠이 있어야 되는 듯성공을 하려면 실패가 필요해요.지금은 단지 어둠 속 별이 안보일 뿐 언젠간 별은 보일 꺼에요!
진짜..힘든데.....ㅎ
3번째 너무 좋은데... 제가 듣는 어플에 없네요..
되는일도 없고 여자친구는 좋은데 제 성격 때문에 맨날 다투고.. 내맘은 이게 아닌데.. 20살인데 앞으로 있을 미래를 생각 하니깐 할것도 없고 너무 힘드네요..
힘내자 힘내자 힘내자 할 수 있다
상황 속 감사함 찾기 . 가려진 사람들의 배려와 노력 발견하기
"꿈이 있는데 그 꿈을 이루지 못할것같아 너무 무섭다 불과 1달 전까지 주변 사람들한테 '나 커서 ~될거야, ~학과 갈꺼야' 라고 당당하게 말하고 다니던 나였는데 성적이라는 장벽에 붙딪혀 사람이 한순간에 이렇게 부정적으로 바뀌고 반항도 하면서 사는 내가 너무 싫다. 인생에 있어서 고3이 가장 중요한 시기인데도 불과하고 공부도 안하고 신세한탄만 하는 내가 너무 한심하다."
다들 좀 힘들져 ? 힘내여
이 집 노래 잘 뽑는구먼
사람들이 왜 나를 싫어하는지 내가 뭘 잘못했는지 모르겠어요
기말 망했고 친구랑은 관계 않좋아지고 아빠랑은 싸우고 짝사랑은 하다가 지치고 그냥 다 망한거 같네
아팠나봐 그것도 몰랐나봐 사랑받지 못하는 애의 처지인가봐 무너졌어 그것도 아무도 모르게 매장당했어
오빠(고3)가 디미고(기숙사) 학교에 들어갔는데시험 기간이라 잠깐 나왔어요..엄마와 오빠는 맨날 싸우고..엄마는 한숨만  푹푹 하세요..아빠와 엄마도 사소한 다툼..제가 엄마는 아니지만 엄마 마음은 이해되요..하지만..자꾸 짜증만 나요..언니한테만 말걸고.. 처음에는 엄마가 오빠한테만 말걸어서 슬펐어요..솔직히 질투죠..  너무 질투 되고 엄마가 미웠어요..엄마 마음?  이해되요..하지만 엄마를 골탕먹이고 싶어요 이글을 쓰면서 엄마는 더 미워지네요.여러분 행복하세요
뒤에 배경화면 원본 사진 링크좀 알려주실수 있나요
"안녕하세요 어제까지만 할려고 자살시도했었는데 저는 엄청난 스트레스로 자살시도를 생각한적이있어요 친구한테 물어봤죠 자살하기싫은데 스트레스 너무 많으면 어떻하냐고.. 했는데 친구가 그냥 ""아무리 자살시도해도 자살을해도 나는 너곁에 꼭있을꺼라고 그러니까 집에서 학원쉬고 혼자만에 시간가져봐.."" 그러고 저는 이노래를 듣고 힐링이 됬어요 이노래를 듣고 이노래를 들을려고 사는사람도 있구나 하고 생각했습니다 이노래를 만들어서 감사합니다."
오늘 비정형 우울증 진단 받았습니다. 정상적인 생활로 돌아가려고 노력해볼게요.
광고 없어서 좋았는데.. 이제 곡 마다 광고가 붙네요..ㅠㅠ
"가사 중에 ...오늘 밤만 , 딱 오늘 밤만"
혼자 있는게 월래 익숙한거 맞죠?

희망으로 점을 찍어 그리던 그림은어느새 타인의 욕망 또한 그려졌고그랬기에 결국 나 또한 망가졌겠지.
너무 우울해요 엄마한테 우는걸 들켰어요 아무말도 못했어요
공부가 중요한 건 아는데 공부하려고 태어난 건 아닌데
"1분 전, 너희들의 모습이 그리워"
솔직히 난 여기서 끄적일 자격이 없다 … 그냥 이 악물고 열심히 하자 오늘 하루 밤샌다고 죽지 않아
열심히해도안믿어주고점수낮으면 문제아로생각하는세상편견이 사라지길게임못한다고공부못한다고친해지는방법을모른다고나보고 뭘하라는건데 할수있는건 애완동물기르기컴퓨터조립하는거밖에못하는데 남들은 좋은점만 생각하라는데나쁜점만 생각하는 내가 이상한걸까라는생각을하게된다힘들지만 나도힘들고나도힘든만큼 남도힘들겠지 나만 기대고 나만응원해줄사람은 있을까 정말 슬프다
내가 원하던 거만 다모아났네
정말 힘들어요 이제 그만 살고싶네요 사기당하고 저는 어떤 삶은 살아야할지 지치네요
경찰에게 전화를해도 상담자에게 전화를 해도 이마음을 어떻게 마음대로 할수있을까요 정말죽도록 죽고싶을정도로 힘들어요..정말..정말로 내친구가 배신하지않고 위로해주는 친구하나쯤 같고싶어요
"『나 ""정준영"" 중간고사 1주일 전 ,, 올백 맞고 다시 이 영상으로 돌아온다』국어 95영어 96수학 100과학 100역사 100"
뒤에서 넌 부자여서 좋겠다.쟤는 남자도 많겠다.돈이 많겠다.어런식으로 말하는 년들 진짜 다 기억하는데 진짜 이기적이야 그냥 돈 많은애라고 생각하고 친해지려 하는 ×들 뒤에서 내 얘기하는거 진짜 짜증나고 나에 대해서 막 지껄이는거 진짜 싫다.내가 다 가진 애라고 말하는 사람들..생각을 좀 고치면 좋겠다.최악이야알지도 못하면서...난 복수와 죽음중에서 고르기 싫어 복수를 할 힘도 없고죽을려면 두려움때문에 안돼고..그러면 난 생각을 택하면서 우울증에 걸리게돼...
다 잘될거야
엄마.. 나를 .믿어줘..
감사합니다
눈 앞에 멋진 야경이 있는데뿌연 안개에 가려 보이지 않는듯해안개를 없애려는 노력이 부족했던걸까...?이 안개는 언제쯤 ..사라져줄까...?사라지기는할까...?
돌이킬수 없는 실수를 했던 전으로 갈 수만 있다면
다들 살아가는 이유는 못찾았다해도꼭 죽어야하는 이유는 찾으셨나요?그 이유가 정말 마땅한 이유인가요?
"스스로 영특한 사람이라 생각했지만 생각보다 무능력한 사람이란걸 깨달았다. 그럼에도 나에게 믿음을 보이며 해낼 수 있을 것이라 말한다. 근데 사실, 그냥 날 포기했으면 좋겠다. 나의 무능력을 인정해줬으면 좋겠다. 나는 그 기대치에 부응할 수 있는 사람이 아닌데. 내가 사는 환경에서 나는 무조건 잘 되어야만 한다. 내일 삶이 끝난다고 해도 전혀 아쉽지 않은 이 기분은 뭘까? 내 또래들은 계속 뭔가를 해내보이는데 나만 제자리인 것 같다. 사는게 행복하지가 않다. 여기에 말하면 조금은 괜찮아질 것 같아서 남겨요."
"릴렉스으으으....으으,,,,으으"
광고제거: 1:51:56 다시보기
인맥은 재산인데 관리는 안 달가워 친구놈들과 치맥은 여전히 반가워
코로나 터지고 내성적으로 성격이 바뀐것 같네요....핑계라고 하면 할수는 있지만 제가 그렇게 믿고 싶어요
2주뒤 입대 개 우울하
진짜 너무 힘들다..인간성을 잃어가는거같아..
힘들고지치고죽고 싶은데 영어를 못 알아 듣겠어....
할 수 있다. 나는 나를 응원한다.
뭐야 지금까지 노래 좋네 라고 생각했는데 광고였어
INFP들의 안식처
광고가 노래 하나하나 마다 나와서퓨ㅠㅍㅍㅍ
<3
"‘강에 떨어졌다고 죽는게 아니라 강에서 나오지 않아 죽는거다’[출처] 영화. EXTRACTION. 익스트렉션우린 모두가 강에 떨어질 수 있다. 물에 빠진 후 적어도 다시 강에서 나오는 시도라도해야 다시 일어날 수 있는 힘을 가질 수 있는게 아닐까? 그치만..물에 나오지않으려는 사람들에게 구명조끼(희망) 또는 내가 물에 뛰어들어가는 용기, 살려는 시도를 무시하는 우리 사회가 먼저 잘못한게 아닐까?- 다들 정말 멋진 사람들이에요. 정말 죽고싶다면, 정말 포기하고싶거든 다시 시도해봐요.게임처럼 한번 더..한번 더....그럼 일어날 수 있어요. 지금 여러분들은 지쳐쓰러진 것 뿐이에요.기력을 회복하고 젖먹던 힘까지 쓰며 일어나요! 더 강인한 사람으로 성장할 수 있어요.다시는 지쳐쓰러지지않을 의지를 가질 수 있어요. 언제나 시도해봐요. 여러분들이 있어서우리 세상이 행복해지고 점차 성장하는거에요. 전 언제나 여러분들을 응원할게요. 감사합니다. -"
"힘들어요 , 슬퍼요 , 죽고 싶어요 , 하고 싶지 않아요 ????그치만 포기는 못 하겠어요"
"지금 제 댓글을보는분들은많이  없겠지만 이 영상에들어 오신거 보낸힘드시죠.?..괜찮아요..이겨낼수있어요...지금이 최대 고비라고 생각하실수있지만나중이 되면 지나가는 일일수도있어요^^....저는지금13살이지만 ...지금이 저의 약간에 흔들림이라고 생각하고 이겨내고 있어요모두들 행복하시고,힘내시고의지를 내보세요!....지금 이시기가 괴롭고,고통스러워도의지를내면강해질거예요!...."
개조아 진챠
무능한 내자신이 싫고게으른 내자신이 밉고그모습도 만족하는 내가 역겹다
기말고사라 너무 힘드네요... 현재 시각 (해외 시각) 새벽 오후 2시 40분... 저는 지쳐있답니다..
과거로 돌아가고싶다 내가 왜그랬을까 매일 후회하면서 산다 죽고싶다 왜이렇게 사는걸까 난
광고 제거1:51:56 1:51:56 1:51:56 1:51:56 1:51:56 1:51:561:51:56 1:51:56 1:51:56
썸네일에 에담 12:45 있는거 보고 바로 들어왔다 ㅋㅋㅋㅋㅋㅋㅋ이건 ㄹㅇ ㅆㅇㅈ이지
"고등학교 1학년 2학기 때 공부를 처음 시작했는데 여러가지 문제로 겨울방학 쯤 여자친구랑 헤어지고, 2월달부터 중간고사까지 매일 3시간씩 자면서 공부했지만 성적도 개판이다.성적은 안나오는데 잠도 편히 못자고, 친한 친구들이랑도 멀어지기만 하고.. 왜 사는지 모르겠다. 그냥 때려칠까"
있잖아요 여러분 그냥.. 사랑해요
멈추지만말자
광고가 이싸는게 아쉽지만 그래도 노래는 만점이네
저 혼잣말인대요.. 요즘 너무 힘들고 지치고 죽고싶은 마음이 너무 생겨요 이런 말 할 친구도 없는거같고 술한잔할 친구도 재대로 못사귄거같습니다 29살입니다 너무 정말 힘들단 말 해봐야 각자의 힘듬이 있을텐대 글남겨서 미안해요 저 정말 한계 인거 같습니다 정말정말 힘든대 어른이고 주변사람이고 이런말하면 다 지나갈거래요 수년을 참다 말하는건대 그 또한 지날갈거래요 근대 저에게는 안 지나가요 하루하루 죽고 싶은 마음 뿐이엿을 뿐입니다 이노래를 듣는대요 저 영어를 하나도 몰라요 그런대 너무 눈물이 나요 지금 저 하루종일 방 혼자 남아 울고있습니다 이제 지치네요 다들 지쳐서 나쁜마음르로 제목 검색 노래로 들어오신분 들도 있을거에요 정말 정말 수고했어요 존경스러워요 하루하루 그 고통속에 공감합니다 저는 먼저 가고싶어요 저는 수고했단말 하나 듣고싶었을 뿐 이였어요 그런 친구도 이제없네요 다들 행복하세요 ㅎㅎ
듣고갑니다
교과서가 삶에 전부가 아니듯 자신이 하나만 쫓고 있는것이 세상의 전부는 아닐거에요 울고싶을땐 울고 즐기고싶을땐 즐기고 이러려고 저희가 이렇게 세상에 있는것이 아닐까요 만약에 공부나 정해진대로 살다가 죽을거면 기계가 정해진거 하다가 고장난거나 마찬가지에요 자살?이런걸 할거면은 그때는 두려워하세요언제나 두려운것이있는데 구지 그중에서 고른다면 저는 자유롭게 살지 못하는것입니다그삶이란 굴레에 같혀 정해진 대로만 살려고 하지말고 때로는 자신 마음대로 해보는것도 나쁘지 않은것같아요^^재 댓글이 많은 사람한테 도움이 됬기를
중2 첫 중간고사 부디 잘치길
1:51:56 광고 없애기
나의 삶 나의 인생 그 누구의 것도 아닌 나의 것이라는 것을 명심하자 나는 해낼수 있다
이제 더이상 이 연애가 재미가 없어너도 나도 대충대충 하루를 보내의미없는 대화들...이제 그만할 때가 오고 있는걸까그와중에 나중에 외로워하고 후회할 내가무섭다ㅠ제작년에도 이런식이였지
감사해요...
엄마 미안해 내가 더 힘낼게 항상 고맙고 사랑해
6일...후회 없도록 해보자
벌써부터 엉망진창 내 2022.. 힘내라ㅠㅠㅠ
사랑스런 사람아 당신이 연락끊었을때뜬눈으로밤을세웠고 맛있던밥도먹기싫었어.우연히 마주쳤고 백만볼트 사랑전기저는 당신을 위해 열씸히 살았기에 우린만난거지 교보생명 앞에서 두눈이 마주쳤어
50:42 나는 왜이렇게 못난걸까. 내가 조금만 잘생겼으면 인기가 많았으면. 여자라는 과목은 너무 어려운거 같아. 마음을 읽을 수 있는 능력이 있다면. 진짜 포기하고 싶은데 볼 때마다 그럴 수 없더라. 근데 뭐 어쩌겠어 나만 놓으면 끝나는데
와…수시 시작이다…
약해서 우울한거 같아서... 우울하기 싫어서 우울해 죽겠어요...
"자존감이 너무 낮아요친구관계, 일주일 전 헤어진 여자친구.. 모든게 다 의심스럽고 힘들어요진짜 매일 매일 학교에서 보는데 나보고 자존감 높여주겠다고, 자신감 가지라고 했던 여자친구가 갑자기 헤어지자고 하더라구요. 너무너무 힘들어서 친구들에게 제 힘든점, 분명 친구로 지내기로 했는데 나는 아직 너무 좋아한다 이런 말을 친구 믿고 했는데 어제 그 친구가 전 여자친구한테  제가 전 여자친구랑 헤어져서  일주일간 힘들다고 위로좀 해 달라고 말 한거였는데 그걸  말을 했더라구요. 전 여자친구가 카톡이 와서 자기 얘기를 하지 말래요 얘기해서 좋을게 없다고 근데  저는  전 여자친구 얘기를 한게 아니라 일단 헤어진 이유, 내가 힘든점. 이런걸 얘기 했는데 어떻게 말을 했길래... 그렇게.. 톡을 보낼 수 있는지... 저는 진짜 주위에 아무도 없으면 입도 못 떼고 움직이지도 못 하는데 한 순간에 아무도 없어져서 너무 힘들어요. 진짜 학교가기가 싫고 죽고싶어요 주위에 사람이 없다는게 이렇게 힘든건줄 몰랐어요. 근데 저는 계속 뭐든 다 제가 잘못한 것 처럼 느껴져요... 자존감이 밑바닥을 치고있네요.. 살기싫어요 하루종일 생각에 잠겨있고 일주일동안 생활도 제대로 못 했어요... 너무 힘들어요 진짜"
배경 출처좀 알 수 있을까요
딱 10년만 기다려 성공해서 올께
내일이 오지 않았으면 좋겠다
제발 시험 잘 치자
1:51:55 광고 제거
좋은 부모님과 좋은 사람들 좋은 환경에서 태어나서 자라나 주변 사람들은 나에게 많은걸 바라지 않는데 나 자신은 이런 나를 만족하지 못해서 미워하고 부정하고 있네요. 아무도 나를 남들과 비교하라 하지 않았는데 내가 나를 남들과 비교하고 있네요. 그러고 혼자 힘들어 하면서 울어요. 그렇게 울어도 해결되지 않는 문제라는걸 알아도 그냥 울어요. 또 그런 제가 참 한심해요.나 한끼라도 더 먹일려고 힘들게 일하시는 부모님 생각해서라도 성공해서 호강시켜 드리고 싶은데세상은 그렇게 순탄하지 않네요. 불안정한 미래에정작 나 자신 하나 케어하지 못하고 있네요. 참 쓸쓸하네
감사합니다
행복.
자기연민에 빠지지마라.
술 한잔 할 수 있는 친구가 없다는 게 참....
저도 행복해질 수 있을까요
나도 사랑받고 싶다...
힘들다고 찾아온 조회수가 112만이라는게 좀 큰 수치네 못 찾아온 사람들까지 포함하면..
저는요 왜 이 플리 들어왔냐면요 제일 중요한 수행이 있는데요 어이없게 파일이 날아갔어요 그 누구의 잘못도 아니기에 탓할게 있다면 나밖에 없어서 우울해져서 들어왔어요 감점이 있더라도 밤새서 다시 힘내 보려 합니다 다들 다시 시작하세요
행복해질거야
한번 잘해보려 했는데 자꾸 뭔가가 발목을 붙잡는 느낌 이젠 별것도 아닌데 무너질 것 같고...막 그렇네
1:51:55 광고제거
내 미래가 너무 두려워 정말
이거 배경화면 출처 알 수 있을까요 ??
내 존재가 어떤존잰지 오늘 알았어 그냥 걸림돌이란거 알았어. 미안 그냥 나는 아무 무존재니깐 그렇게만 알고 있을게. 많이 걸리적거렸겠다. 미안 ㅎ 속상해 이러면 되게 많이 연락 오던데 난 죽어도 안오네 기분 더럽다 하니깐 죽어도 안오고 그냥 내가 다 미안해 그냥 친구였던애로 알고 있어줘 난 그걸로 충분해. 과거에 그냥 친구 그냥 그렇게만 알고 있어줘.
ㅈ같이 힘들어도 이 힘듦이 우스워질 정도로 성공해서 우습게 웃어보자
고3인데 이 짓을 1년 더 해야한다는게 너무 괴롭네요
그만하고싶어.
노래  좋은데 노래 가사 해석좀 ㅠ
진짜 다음생에는 나무로 태어나야지
시간이 약이겠지 뭐
:)
그냥 다 괜찮다
내가 생각했던 꿈도 못이룰것같고공부를 엄청 잘하는것도 아닌데걍 뒤지라는건가나한테 왜그러냐 다들
오늘도 파이팅
행복이란 뭘까
난 돈벌려고 태어난거 아닌데
난 아직 16살인데 막막하지 다른 사람들은 좋을때라고 말하지 근데 나는 최악이야 나 좀 힘든거 같아
광고가 왜이리 많나요 ㅠㅠ
1:51:56 다시보기
내가 많이 사랑하는데 가지 말아줘
노래 리스트 ㅆㅅㅅㅌㅊ
1:51:55
도서관에서 들으면 개꿀띠
결국 그 누구도 날 이해해주지 않더라
1:56:51
좋아요
잘하고있어
1:51:56
나를 아무도 모르는 곳으로 떠나고싶다
♡
1:51:56
자꾸 왜  생각에 빠질까?
으~악 사랑멀어 나 대형사고쳤다 어떻해안세훈 어딨냐고 왜 잠수타냐고 나 무서워이 힘든길 왜 나만두고 ㅠ~ㅜ나랑살래 아님전쟁같은 세상에 핡힐래 선택해 얼른 !!보고 파요 당신을사랑해 으악!!!>.<
1:51:55
롤이 좀 지치고 우울하게 만들긴 해
왜이렇게 내 자신을 깎아 내릴까... 이러지 않는 방법 좀요
본인 지금 중3인데 지금부터 열심히 준비하면 서울대 수학과 ㄱㄴ한가요??
내가 성공해서 꼭 돌아온다
내가 서있는 바닥이 당장이라도 무너질까봐 똑바로 서지도 못하겠다
1:51:56
시험보고 생각이 바뀌었어.. 더 노력하기로
인간은 죄인이라는 말이 맞는듯 안그럼 이 지구에 태어나 평생. ...그런데 또 어리석어서 계속 인간을 만들어... 분명히 전생에 죄인들이다
1:13:26
"이거 아버지 폰인데..저..이제 08년생인 중1 여 인데, ,매일 죽고싶은데..어머니 기분좋을때는 저도 내가 왜 이런 생각하지 하는데..막상 그래도 힘들어요..나는 솔직히 많이 참와왔는데..어머니는 그냥 바로바로 나타내고..학교는 왕따는 아니지만 그냥 힘들고..수학학원은..진짜진짜진짜 가기싫은데..왜..공부는 해도 잘모르는 난 바보멍청이인가..진짜 나는 이런 내가 또 싫다..다른 사람도 힘든데..나만..이렇게..진짜..죽고싶다..하지만 그 자체가 무섭고 두려워 아직 사는 나는 뭘까,.. 어머니 한테 말해도 이해 잘 못하고..진짜 소원이 있는데 들어주지도 않고 ..그래 건강상 문제가 조금 눈이 나빠지거나 그럴수 있어..하지만 난 그거말고도 더 다른 소원이 있고..트라우마도 이겨내고 싶은데..진짜..태어나지 않았으면 편한데.."
고등학교 수학 중간 16점 기말은 100점 맞고 온다
1:51:55
손목이 본래 색이 사라지고 흉터로 얼룩진 검어진 살만이 남으면진통제 10아니 20알을 삼키고 병원에 실려간다면신호를 보지않고 저벅저벅 차를향해 걸어간다면아파트 옥상에서 부모님에게 전화를 하며 마지막인사를 한다면엄마는 내 힘듬을 알아줄까 아니 무시하지않아줄까자해흉터도 우울한 검색어도 다 봤으면서 무시하는 엄마가 나를 이상한애로 싸가지없는 애로 사춘기걸린 애로도그 누구로도 보지않고 나를 봐줄까 엄마 나 너무힘들어 그런데 엄마도 힘들어해 나는 어떻게 해야할까 나는 아직 15년밖에 살지않아서 지금이게 너무 버거운데 엄마는 나보다 더한 불행에서도 벗어났다면서 엄마 그런데 나는 못하겠어 엄마딸이 되어서 이정도도 못해줘서 미안해이럴거면 인사도 못한 우리 작은언니가 태어났으면 좋았을걸성격도 나쁘고 이상한애가 되서 미안해엄마 힘든데 자꾸 내 힘든이야기를 해서 미안해나는 내가 뭔지도 모르겠고 왜 태어났는지도 모르겠어서 그래서 미안해내가 엄마아빠삶에 끼어들어서 미안해다 내가 안고 사라지면 얼마나좋을까 어느순간 그누구도 날 기억하지못하고 내가 사라지면 좋을거야언니랑 엄마 아빠 세명이서 앞에서 걷는걸 볼떄마다 예뻐 말그대로 정답인 느낌이야나만 빠지면 좋을텐데 그러면 정말 좋을텐데정말 미안해 차라리 태어나지 말았어야 했는데 자꾸 우울한이야기를 말하려고 해서 자꾸 일부러 엄마보라고 우울한검색어를 쳐서 계속 증거를 남기는것도 엄마한테 관련된 이야기를 꺼낼때마다 엄마 힘든이야기가 나오게해서 미안해 언젠가는 죽을거지만 그럴바에야 그냥 태어나지 말걸그랬어엄마 왜 날 낳았어요 아아 충동적인 결정이였다는거는 나도 알아요자꾸 원망하게 되네요차라리 암살자를 보내줄래요 엄마 스스로죽기에는 두려움이 너무 크기에제발 날 봐줄래요?
"남자친구랑 싸웠는데 답답해서 들어요 ㅜ,ㅜ"
1:51:55
난 태어나고 싶어 태어난게 아닌데 ㅠㅠ
저 원하는 대학 갈 수 있겠죠?
아....지친다......
광고제거 1:51:59
첫번째 선곡부터 싸발적이고
"나만 노력하는 친구관계 진짜 좆같다. 차라리 내쳐줘, 그게 덜 힘들것 같아."
아 졸려 뒤지겠네....자고싶다
1:51:55
"미래,, 미래를 알수있는 능력이 있었으면 나는 지금 이러고 있었을까 과연?"
고마워
괜찮아
지금 이렇게 살고있는게 맞는지 모르겠어
나 너무 힘들어요.일을 하면서도 그녀가 생각나요....그래서 더욱 혹독하게 일을 열심히 하고있어요... 이제는 허리도 아프고 손목도 아픈데...난 왜 안힘들죠?  나 너무 힘들어요....
나스닥한테 150 뜯기고 왔다
내가 잘못한거 맞으니까 내가 책임 져야지
난 왜이럴까내 자신이 너무 맘에 안들고 싫다
몇년동안 공부하느라 친구도 두세달에 한번 만날까말까 너무 외롭당 다 내가 싫나... 맨날 집에만 쳐 박혀있고 넘 힘들다아 어휴푸푸..
좀만 더 힘내보자 시은아
사랑했고사랑하고사랑할게
와..
내가 밉다가도 너무 불쌍하더라 거울을 보는데 얼굴이 내가 알던 행복한 아이가 아니더라고 너무 불쌍해 내가
나는 잠이 오지 않는다!
Still with u 나왔으면말다했죠
이유없이 웃고 싶다
내가 좋아하면 꼭 떠나가더라.
다챙겨줘ㅛ는데 나만 못챙겨지는구만..
내가 한일 내가 잘못한거 알고있고 그때로 되돌리는건불가능하지만 그 일 안했으면 행복했을까?
"나는 나름대로 엄청 열심히 한건데...부모님들은 항상 그러시더라. 너는 공부를 안해서 그렇지 막상 하면 전교 1등 할 수 있다니까? 이러시는데 아침에  7시 40분에 나가서 시간 꽉채워서 보통 10시나 11시에 집들어가고.시발 나도 열심히 살고, 열심히 공부 한다고요..제발 언니랑 작작좀 비교 해줘요."
"제가 이런 세상에 왜 있는지 몰르겠어요 엄마 속만 썩이고,내가 한건없고.."
그런적 있어요? 자살하면 주변사람은 날 어케생각할까 하면서 혼자 시뮬돌리는거임 ㅋㅋ 그러다 진짜 한번 아무도 모르게 해봤는데 무섭더라 ㅋㅋ
너무 우울해...
난 지금도 잘하고 있어
내가 지금 이 삶을 사는게 좋을까 차라리 죽는게 나을까 헷갈린다
01:51:56 ←이거 누르고 다시보기 누르세요오
많이 힘들지? 많이 힘들었겠다...
잣됐습니다 중학교 때도 해본 적 없는 무단결과 고등학교와서 해버렸습니다 학교가기 두려워 잠이 오질 않네요
혹시 글씨체 먼지 알수있을까요??
존나 지친다 그냥 ...
1:51:56 광고제거!
공부 못한다고 무능한 인간 취급고 깔보는 너네보다 성공하고 훌륭한 사람이 되겠어
어렵네요 세상 살이가..
새벽감성 어쩔건대..
난 뭘 위해 이렇게 까지 달려왔을까
다 힘들어 표현을 안할뿐 음악이란 약 으로 치유받자 그러려고 들어왔잖아
Good
엄마 아빠 내가 동생 몫까지 더 열심히 살게 나 할 수 있어
밤에 혼자 남겨질때..
"전 이 세상에 짐 인가봐요... 말로 사람 상처나 주고, 상대가 놀리면 상처 받는데 저가 놀릴 때 는 기쁘기만 하는 아주 이기주의죠...... 알아요 안할려 마음 100번 먹어도 안되요...몸이 안따라 줘요...그래도 행복 할 때 는 있죠.....오늘 날은 생일인데...다 좋았어요 네,   그랬죠...... 그런데 저녁이 밥먹고 배가 아플 거 같았어요 그런게 가족들은 거짓말 인지 알죠...전 그래서 화가나서 혼자 버스를 탔죠 그 전에 가족에게 전화가 왔어요... 하지만 기분이 나빠서 안받았어요.. 혼자 30분간 버스를 타고 집에 와서 지금 이 순간에 이 노래를 들으면서 곰곰히 생각해 봤어요.그래도 가족들은 저를 위해 응원과 온 모든 것을 다 해줬죠. 생각해봐요 부모님이 당신을 싫어한다면 버리거나 따돌리겠죠....이렇게 잘 자라게 해준 것, 입을 수 있는 것, 먹을 수 있는 것 등 다 해줬죠  돈 안달아지면 당근 좋잖아요? 그런데 왜 해주냐 생각해 봤어요.... 그 사실은 단 한가지.....................저희를 사랑해서죠. 그런데 몆일 지나면 까먹고 다시 말 않듣죠.. 그게 문제입니다. 이렇게 울면서도 반성해도 2일 지나면 원상복구죠... 모두가 안그럴 수 있지만 그래도, 그래도 저와 같은 분 들이라도 우리 모두 힘내서 살아봐요 ㅎㅇㅌ"
어렵네요 모든게
힘들다 ㅠ
이젠 집에 가고싶어요
먹고살기 힘든게 아니라 내일이 힘드네 ㅎㅎㅎ 모래가 더힘든가??
세상은 날 증오해요. 다들 나를 날개 없이 비상한 천사라고 말해요. 어떤 날은 어둠이 날개가 되어주곤 해요. 그리고 곧장 땅으로 곤두박질 쳐버리죠. 그 어둠은 세상이에요.나를 죽이려 하는 검은도시 말이에요. 창문 틈으로 그들의 미소가 보여요. 내가 의식을 잃어갈 때 내 빛은 힘을 잃어요. 그리곤 두 날개마저 빼앗아 버리죠. 신은 날 버렸어요. 세상은 온통 검고 붉은 색으로 내게 죽어라고 말해요. 길 잃은 별들은 서로를 헐뜯고요.달에는 구멍이 뚫리기 시작했어요. 때가 되면 그 곳엔 내 목이 메달려 있겠죠. 노래 소리가 점점 커져와요. 동앗줄을 이이고 날개를 퍼덕이면서요. 내가 사라지지 않을 수 있는 방법은 없는걸까요.
하다하다 생판 모르는 사람한테 위로 받고 그것도 모자라 파파고나 시리한테 위로 받고 있네
서운해 많이 서운해 내 상황 알잖아 그냥 내가 1순위면 좋겠다 내 욕심인거야? 항상 2순위 3순위 이렇게 밀리는거 같아...
1:51:51 광고제거
30초중반에 사기대출 당해서 . 빛 1억4천지고 .징역 2년 다녀와보면 안다세상 정말좋구나 . 신불자여도 .그 좋아하던 차한대 못사도 . 팔다리 멀쩡한거. 일용직 일해서 일당 8마넌벌어서 김밥한줄 사먹는거그거만큼 소중한게 없는 일상이 되어버렷다 .
그냥 다 포기하고 싶다
더 울거 같은ㄷ...??....ㅠㅠ
"16세, 한창 공부할 나이에 2평 쓰레기 더미에 둘러쌓여 인강조차 제대로 구동하기 어려워하는 느린 폰으로 하루하루를 버티는 내가 싫다."
sasha sloan - dancing with your ghost가 없군요 아쉽구만
Just happy
1:51:55 광고제거
씨발 다들 행복하자 !!!!!
힘내자 ㅎㅎㅎ
내일이 되는게 무섭네요...
힘들지? 괜찮아
1:51:56 광고제거
36:08 한국어 들리길래 광고인줄 알고 넘기려고 봤는데 아니네 ㅋㅋㅋ
2:00:00 광고제거
왜 자꾸 질투나게 다른 여자애랑 이야기 하고 내가 보는 앞에서도 전번 교환 하는 걸까... 첨엔 내가 좋다고 했지만 이젠 질렸나보다.
지금은 부족해도  독기로 성공으로 갚는다 나 무시하는놈 ;
당신은 울산 난 대구 그리고 서울쫒아다녔지세금털고 없어진 한국돈 내통장도난사고 후압류된계좌가 2015년이후 살아있었어.큰일은 현재 대구에서 마약사범 주사거래로 사고를내고있어.5년전부터 이사람들 감시하고단 속해요.나혼자 힘든길 당신이 외로움 채워줘
이렇게 공부만 하다가 죽으면 어떡하라고 공부만 하고있냐
1년 전에도 왔넜는데 나 왜이러냐
기말땐 복구하기를
잘못한게없는거같은데 왜다들 날 피하지?
힘들어요
제발 제가 죽을 수있게 욕하고 가주세요 제발요 제발 한번만 부탁할게요 제가 어떻게든 살아보려고 하는 것같은데 힘들고 지쳐요 못하겠어요 제발 죽으라고 좀 해주세요
더이상 살고싶지않아
죽고싶단 말이 장난같나봐
힘들다.
어떡해야 하는걸까
나 힘든 거 맞나? 힘들 자격이 있나?
씨바 해 언제지나 3일째 보고있슴다
내가 있어서 아니 네가 있어서..
LOVE IS GONE
휴가 복귀 1일전..
1:51:56
담배 씹극혐하는데 요즘에 갑자기 해보고싶어지네..하 미성년자인데...
1:51:55
1:51:55
1:51:55
"자가격리 1주, 다다음주 시험"
1:51:57
1:51:55
1:51:55
그사람이 좋았고 지금은 밉다.
1:51:55
1:51:55
속상하다 내 잘못 때문에
시발 이 기분을 어떻게 표현해야 하는지 모르겠어 ㅈ같다
1:52:56
1:51:56
1:51:56
1:51:56
1:51:52
1:57:51
2:00:15
1:51:56
1:51:55
1:51:55
1:51:56
1:51:56
1:51:56
1:51:56
1:51:56
1:51:55
1:51:55
1:51:56
1:51:56
1:51:56
1:51:55
1:51:55
1:51:56
1:51:50
1:51:56
1:51:56
1:51:56
1:51:56
1:51:55
1:51:56
1:51:55
1:51:56
1:51:56
1:51:56
1:51:56
1:51:56
1:51:56
1:51:56
1:51:56
1:51:56
1:51:55
1:51:51
1:51:56
1시간 30분쯤부터 그대라는 시 나오는데 자꾸 지직거리네요. 음원이 그런거 같기도 하고..
사랑해 삼색아
우리 모두가 다시 이 영상에 안찾아오길 바랍니다.
10:00:00
1:51:55
1:51:55
1:51:55
1:51:56
1:51:55
1:56:55
오늘 제 생일이에요 아무나 저 좀 축하해줄 수 있을까요?
1:51:55
1:51:55
1:51:55
2022년에 듣는 사람||||^
1:51:55
괜찮을거야
1:51:55
1:56:58
1:51:57
1:51:56
1:51:56
1:51:56
제가 계속해야 할 이유가 있을까요
1:51:55
1:51:56
1:51:55
1:51:56
1:51:50
1:51:55
1:51:55
1:51:55
1:51:55
그냥 모든게 싫다
1:51:56
1:51:56
1:51:56
1:51:56
1:51:56
1:51:56
1:51:56
1:51:56
1:56:59
1:51:56
1:51:55
1:51:56
1:51:56
1:51:56
1:51:54
너무 힘들어요 죽고싶어요
1:51:56
1:51:56
1:51:56
3:00:00
1:52:56
1:51:00
1:51:55
1:51:55
1:51:55
1:51:54
1:51:56
1:51:56
1:51:56
1:51:56
1:52:00
1:51:55
1:59:59
1:51:56
1:52:00
2:00:00
2:00:00
1:51:55
51:37   얼마나~ 얼마나~
2:00:00
믿는당
1:51:55
2:00:00
2:00:00
2:00:00
2:00:00
2:00:00
비트코인 나락리플 떡락.......하....... 못 뒤지니까 산다......ㅅㅂ
수고했어애썼어
썸네일 1245보고 믿고들어왔다
안편해지기만하세요.ㅣ
"아놔.,...나 왜 재수해 ......ㅠㅠ"
"썸네일에 에담이 있어서 들어왔어요,,,"
댓글보려했는데 갑자기??? : 요기요 첫주문이면 만원 할인..
힘들다 ㅋ
ㅎ 이 이게 마지막이네
프로필 사진 때문에 잠깐 의심했다
녹차호떡 맛있나요
1:51:56
"""쓰바ㅎㅎㅎㅎㅎㅠㅎㅎㅠㅠㅠㅎㅠㅠㅠㅠㅠㅠㅠ"""
인생이 최악이네
1:51:56
언제부터 이렇게 꼬인걸까
누가 내 플리 여기 갔다놨네
울..어....
엄마 미안해
12:33
32:35:00
내가 뭘 하는지 모르겠다
엄마 미안
2:59
2021년 11월 04일
우마이
왜 다들 나한테만 지랄이야
0:00
하 ㅋㅋㅋㅋㅋㅋㅋㅋㅋ
0:01
.......
ㅇㄴ 지금 기분 ㅈ같애서 음악 들으려고 왔는데 네모의 꿈 광고 개 ㅈ같네
운다
웃자
ㅇ잉
너무 답답하다
미안해
!
댓글... 싸이월ㄷ....
ㅇ
rns
